           1     0.20114     0.20114           0
           2    0.200267    0.200704 0.000436248
           3    0.200717    0.200708 0.000251907
           4    0.200045    0.200542 0.000243343
           5    0.201774    0.200789 0.000310181
           6    0.193322    0.199544  0.00126995
           7    0.191735    0.198429  0.00154806
           8    0.195053    0.198007   0.0014055
           9    0.195223    0.197697  0.00127753
          10    0.192786    0.197206  0.00124376
          11    0.196364     0.19713  0.00112762
          12    0.202337    0.197564  0.00111711
          13    0.199133    0.197684  0.00103466
          14    0.190477    0.197169  0.00108749
          15    0.199386    0.197317  0.00102313
          16    0.200629    0.197524 0.000979175
          17    0.199163    0.197621 0.000924815
          18    0.199088    0.197702 0.000875724
          19    0.198271    0.197732 0.000828893
          20    0.199637    0.197827 0.000792107
          21    0.196375    0.197758  0.00075661
          22     0.19067    0.197436 0.000790085
          23    0.198923    0.197501 0.000757716
          24    0.195731    0.197427 0.000729195
          25    0.194345    0.197304   0.0007102
          26    0.197317    0.197304 0.000682338
          27    0.194728    0.197209 0.000663478
          28    0.193375    0.197072 0.000653843
          29    0.195144    0.197005 0.000634385
          30    0.202089    0.197175 0.000635868
          31    0.194461    0.197087 0.000621214
          32     0.20053    0.197195 0.000611031
          33    0.198462    0.197233 0.000593468
          34    0.199019    0.197286 0.000578139
          35    0.200578     0.19738 0.000569203
          36    0.200222    0.197459  0.00055877
          37    0.200472     0.19754 0.000549527
          38    0.196867    0.197522 0.000535163
          39    0.195796    0.197478 0.000523137
          40    0.190579    0.197306 0.000538271
          41    0.195722    0.197267 0.000526398
          42    0.199778    0.197327 0.000517177
          43    0.196034    0.197297 0.000505902
          44    0.202884    0.197424 0.000510321
          45    0.194767    0.197365 0.000502331
          46    0.197003    0.197357 0.000491353
          47    0.192566    0.197255 0.000491473
          48    0.195688    0.197222 0.000482231
          49    0.194533    0.197167 0.000475465
          50    0.196344    0.197151  0.00046615
          51    0.195491    0.197118 0.000458076
          52    0.195246    0.197082 0.000450622
          53    0.197606    0.197092 0.000442148
          54    0.199827    0.197143 0.000436829
          55    0.193966    0.197085 0.000432687
          56    0.195921    0.197064 0.000425398
          57    0.191975    0.196975 0.000427301
          58    0.195574    0.196951 0.000420564
          59    0.194108    0.196903 0.000416173
          60    0.197536    0.196913 0.000409315
          61    0.197254    0.196919 0.000402587
          62    0.195486    0.196896 0.000396715
          63     0.19586    0.196879 0.000390713
          64     0.19337    0.196824 0.000388448
          65     0.19522      0.1968 0.000383221
          66    0.194393    0.196763 0.000379127
          67    0.195479    0.196744 0.000373918
          68    0.192786    0.196686 0.000372948
          69    0.193162    0.196635 0.000371036
          70    0.196733    0.196636   0.0003657
          71    0.191058    0.196558 0.000368973
          72    0.198507    0.196585 0.000364818
          73    0.189921    0.196494 0.000371185
          74     0.19664    0.196495  0.00036614
          75    0.193849     0.19646 0.000362945
          76     0.19335    0.196419 0.000360468
          77    0.199699    0.196462 0.000358297
          78    0.198989    0.196494 0.000355154
          79    0.195628    0.196483 0.000350801
          80    0.199298    0.196518 0.000348171
          81    0.195561    0.196507 0.000344049
          82    0.200443    0.196555 0.000343201
          83    0.197905    0.196571  0.00033943
          84    0.198543    0.196594 0.000336186
          85    0.198826    0.196621 0.000333242
          86    0.198857    0.196647  0.00033037
          87    0.196567    0.196646 0.000326552
          88    0.190028    0.196571 0.000331464
          89    0.199827    0.196607 0.000329754
          90    0.191742    0.196553 0.000330521
          91    0.194164    0.196527 0.000327921
          92    0.197454    0.196537 0.000324494
          93    0.186821    0.196432 0.000337559
          94    0.198819    0.196458 0.000334913
          95    0.194035    0.196432 0.000332349
          96    0.197011    0.196438 0.000328924
          97    0.198624    0.196461 0.000326294
          98    0.199096    0.196488 0.000324065
          99    0.199477    0.196518 0.000322193
         100    0.198053    0.196533 0.000319324
