           1     2.91926     2.91926           0
           2     3.01628     2.96777    0.048512
           3     3.10784     3.01446   0.0544471
           4     2.95526     2.99966   0.0412465
           5     2.87312     2.97436   0.0407584
           6     2.86227     2.95567   0.0381636
           7       2.901     2.94786   0.0331864
           8     2.92226     2.94466    0.028918
           9     2.90582     2.94035   0.0258658
          10     2.91508     2.93782   0.0232726
          11     3.02899     2.94611   0.0226238
          12     2.90318     2.94253   0.0209602
          13     2.94016     2.94235   0.0192814
          14     2.88081     2.93795   0.0183843
          15     2.98077     2.94081   0.0173513
          16     2.88774     2.93749    0.016566
          17     2.95934     2.93878   0.0156141
          18     3.03651     2.94421   0.0156905
          19     2.93088     2.94351   0.0148583
          20      3.0211     2.94739   0.0146201
