           1     0.25978     0.25978           0
           2    0.267292    0.263536    0.003756
           3    0.271692    0.266255  0.00347759
           4    0.265616    0.266095  0.00246421
           5     0.25902     0.26468  0.00237605
           6    0.257528    0.263488  0.00227697
           7    0.260408    0.263048  0.00197405
           8    0.263312    0.263081   0.0017099
           9    0.258784    0.262604  0.00158177
          10    0.266168     0.26296  0.00145899
          11    0.270832    0.263676  0.00150125
          12     0.25776    0.263183  0.00145642
          13    0.262456    0.263127  0.00134087
          14    0.256996    0.262689  0.00131638
          15     0.26518    0.262855  0.00123669
          16    0.258776      0.2626  0.00118457
          17    0.263652    0.262662  0.00111443
          18    0.270448    0.263094  0.00113625
          19    0.258192    0.262836  0.00110533
          20    0.266784    0.263034  0.00106702
