           0           0           0
   0.0256496           0           0
   0.0512993           0           0
   0.0769489           0           0
    0.102599           0           0
    0.128248           0           0
    0.153898           0           0
    0.179547           0           0
    0.205197           0           0
    0.230847           0           0
    0.256496           0           0
    0.282146           0           0
    0.307796           0           0
    0.333445           0           0
    0.359095           0           0
    0.384745           0           0
    0.410394           0           0
    0.436044           0           0
    0.461694           0           0
    0.487343           0           0
    0.512993           0           0
    0.538642           0           0
    0.564292           0           0
    0.589942           0           0
    0.615591           0           0
    0.641241           0           0
    0.666891           0           0
     0.69254           0           0
     0.71819           0           0
     0.74384           0           0
    0.769489           0           0
    0.795139           0           0
    0.820788           0           0
    0.846438 1.36166e-05 4.56611e-06
    0.872088  0.00124994 4.87274e-05
    0.897737   0.0244427 0.000267972
    0.923387    0.166043  0.00076331
    0.949037    0.564679  0.00174437
    0.974686     1.20404  0.00269714
     1.00034     1.86676  0.00324009
     1.02599     2.33824  0.00263115
     1.05164     2.55247  0.00215959
     1.07728     2.55096  0.00204231
     1.10293     2.40931  0.00213796
     1.12858     2.20007   0.0024632
     1.15423     1.97238  0.00201957
     1.17988     1.75168  0.00221284
     1.20553     1.55798  0.00204996
     1.23118     1.38745  0.00201109
     1.25683       1.244  0.00180291
     1.28248     1.12218  0.00173856
     1.30813     1.02267  0.00139088
     1.33378    0.937762  0.00142976
     1.35943    0.871286  0.00134679
     1.38508    0.816782  0.00100003
     1.41073    0.771681  0.00116006
     1.43638    0.738551  0.00100706
     1.46203    0.711219   0.0011367
     1.48768    0.692437  0.00105003
     1.51333    0.678287  0.00113399
     1.53898    0.671882  0.00110426
     1.56463    0.671137  0.00108943
     1.59028    0.677043  0.00120253
     1.61593    0.687089  0.00098854
     1.64158    0.702027  0.00117965
     1.66723     0.72357  0.00110322
     1.69288    0.750099  0.00104964
     1.71853    0.780104  0.00105727
     1.74418    0.816475  0.00105791
     1.76983    0.854878  0.00102188
     1.79547    0.893974  0.00106369
     1.82112    0.936087  0.00103321
     1.84677     0.97725  0.00100408
     1.87242     1.01902  0.00113135
     1.89807     1.05881   0.0010298
     1.92372     1.09619  0.00113857
     1.94937     1.13104  0.00104158
     1.97502     1.16157 0.000957559
     2.00067     1.18637  0.00110053
     2.02632      1.2027  0.00101608
     2.05197     1.21261  0.00104892
     2.07762     1.21516 0.000956371
     2.10327     1.20822  0.00100149
     2.12892     1.19481  0.00103106
     2.15457     1.17595 0.000979752
     2.18022     1.15105 0.000986829
     2.20587     1.12335 0.000985779
     2.23152     1.09526  0.00100619
     2.25717      1.0667  0.00109025
     2.28282     1.03812  0.00105753
     2.30847     1.01016  0.00104375
     2.33412    0.986984 0.000893622
     2.35977    0.965036 0.000928896
     2.38542    0.946715 0.000939498
     2.41107    0.930181 0.000854466
     2.43672    0.917935  0.00092888
     2.46237    0.908056 0.000892975
     2.48802     0.89462 0.000804092
     2.51366    0.885785  0.00079574
     2.53931    0.885646 0.000887172
           0           0           0
   0.0256496           0           0
   0.0512993           0           0
   0.0769489           0           0
    0.102599           0           0
    0.128248           0           0
    0.153898           0           0
    0.179547           0           0
    0.205197           0           0
    0.230847           0           0
    0.256496           0           0
    0.282146           0           0
    0.307796           0           0
    0.333445           0           0
    0.359095           0           0
    0.384745           0           0
    0.410394           0           0
    0.436044           0           0
    0.461694           0           0
    0.487343           0           0
    0.512993           0           0
    0.538642           0           0
    0.564292           0           0
    0.589942           0           0
    0.615591           0           0
    0.641241           0           0
    0.666891           0           0
     0.69254           0           0
     0.71819           0           0
     0.74384           0           0
    0.769489           0           0
    0.795139           0           0
    0.820788           0           0
    0.846438 1.36166e-05 4.56611e-06
    0.872088  0.00124994 4.87274e-05
    0.897737   0.0244427 0.000267972
    0.923387    0.166043  0.00076331
    0.949037    0.564679  0.00174437
    0.974686     1.20404  0.00269714
     1.00034     1.86676  0.00324009
     1.02599     2.33824  0.00263115
     1.05164     2.55247  0.00215959
     1.07728     2.55096  0.00204231
     1.10293     2.40931  0.00213796
     1.12858     2.20007   0.0024632
     1.15423     1.97238  0.00201957
     1.17988     1.75168  0.00221284
     1.20553     1.55798  0.00204996
     1.23118     1.38745  0.00201109
     1.25683       1.244  0.00180291
     1.28248     1.12218  0.00173856
     1.30813     1.02267  0.00139088
     1.33378    0.937762  0.00142976
     1.35943    0.871286  0.00134679
     1.38508    0.816782  0.00100003
     1.41073    0.771681  0.00116006
     1.43638    0.738551  0.00100706
     1.46203    0.711219   0.0011367
     1.48768    0.692437  0.00105003
     1.51333    0.678287  0.00113399
     1.53898    0.671882  0.00110426
     1.56463    0.671137  0.00108943
     1.59028    0.677043  0.00120253
     1.61593    0.687089  0.00098854
     1.64158    0.702027  0.00117965
     1.66723     0.72357  0.00110322
     1.69288    0.750099  0.00104964
     1.71853    0.780104  0.00105727
     1.74418    0.816475  0.00105791
     1.76983    0.854878  0.00102188
     1.79547    0.893974  0.00106369
     1.82112    0.936087  0.00103321
     1.84677     0.97725  0.00100408
     1.87242     1.01902  0.00113135
     1.89807     1.05881   0.0010298
     1.92372     1.09619  0.00113857
     1.94937     1.13104  0.00104158
     1.97502     1.16157 0.000957559
     2.00067     1.18637  0.00110053
     2.02632      1.2027  0.00101608
     2.05197     1.21261  0.00104892
     2.07762     1.21516 0.000956371
     2.10327     1.20822  0.00100149
     2.12892     1.19481  0.00103106
     2.15457     1.17595 0.000979752
     2.18022     1.15105 0.000986829
     2.20587     1.12335 0.000985779
     2.23152     1.09526  0.00100619
     2.25717      1.0667  0.00109025
     2.28282     1.03812  0.00105753
     2.30847     1.01016  0.00104375
     2.33412    0.986984 0.000893622
     2.35977    0.965036 0.000928896
     2.38542    0.946715 0.000939498
     2.41107    0.930181 0.000854466
     2.43672    0.917935  0.00092888
     2.46237    0.908056 0.000892975
     2.48802     0.89462 0.000804092
     2.51366    0.885785  0.00079574
     2.53931    0.885646 0.000887172
