          20    0.280129    0.306555   0.0103746
          20    0.374334    0.375215   0.0075819
          20     0.39029    0.386794  0.00520694
          20    0.430125    0.423404  0.00546546
          20    0.433682    0.423565  0.00651461
          20    0.443455     0.42626  0.00607032
          20    0.430383    0.425952  0.00516457
          20    0.461854    0.445292  0.00555596
          20    0.436764    0.428422  0.00413953
          20    0.450991     0.44174  0.00346788
          20    0.438789    0.430833  0.00312567
          20    0.438155    0.450174  0.00361567
          20    0.438033    0.435012  0.00320279
          20    0.434336    0.437458  0.00268556
          20     0.43832    0.437425  0.00309809
          20    0.424161    0.427659   0.0028384
          20    0.426047    0.425776    0.002278
          20    0.411096    0.417791  0.00259411
          20    0.421245    0.410885  0.00262875
          20    0.394263    0.398267   0.0016995
          20     0.39508    0.394722  0.00162046
          20    0.376361    0.385078  0.00147516
          20    0.371391    0.374104  0.00149794
          20    0.375949     0.37035  0.00132987
          20    0.363806    0.360641   0.0018414
          20    0.371759    0.353391  0.00205724
          20    0.344172     0.34279  0.00138512
          20    0.345851    0.336275  0.00107932
          20     0.33274    0.329224  0.00156109
          20     0.31581    0.320129  0.00136142
          20    0.313677    0.313063  0.00129138
          20     0.31002    0.305416 0.000984635
          20    0.295663    0.296873 0.000843163
          20    0.281402    0.290185  0.00117867
          20    0.294655      0.2833  0.00125471
          20    0.283838    0.274384  0.00102951
          20     0.26575      0.2691  0.00108797
          20    0.265395     0.26328 0.000946555
          20    0.256452     0.25601  0.00107179
          20    0.249401    0.250459 0.000770573
          20    0.240946    0.245588  0.00102798
          20    0.238099     0.23896 0.000989489
          20    0.230708    0.233117 0.000809107
          20    0.234516    0.226885 0.000834781
          20    0.220699    0.221384 0.000776386
          20    0.213568    0.216372 0.000698789
          20    0.209164    0.211239  0.00090544
          20    0.204118     0.20641  0.00077541
          20    0.197916    0.202228 0.000626434
          20    0.199329     0.19651 0.000673248
