          20   -0.978304   -0.976474  0.00107435
          20   -0.962032   -0.963362  0.00125333
          20   -0.946088   -0.952644  0.00106659
          20   -0.944656   -0.938324  0.00106658
          20    -0.92368   -0.923986 0.000971761
          20   -0.913368   -0.910963 0.000806254
          20   -0.898992   -0.900046 0.000861167
          20     -0.8868   -0.886186 0.000849423
          20   -0.875432    -0.87219 0.000604392
          20   -0.861688   -0.857392 0.000511766
          20   -0.846216   -0.845935 0.000681057
          20    -0.83536   -0.832273 0.000697554
          20   -0.819104   -0.818885 0.000431272
          20   -0.806384   -0.805343 0.000736595
          20   -0.791632   -0.791973 0.000554944
          20   -0.778224   -0.779242 0.000690968
          20   -0.767304   -0.766444 0.000486718
          20   -0.754256   -0.753042  0.00039228
          20   -0.738288   -0.739974 0.000612423
          20    -0.72336   -0.727668  0.00044881
          20   -0.714088    -0.71676 0.000644667
          20   -0.704856   -0.704069 0.000561827
          20   -0.695184   -0.692868  0.00046409
          20    -0.68012   -0.680424  0.00048726
          20   -0.666344   -0.669481 0.000613956
          20   -0.655848   -0.658293 0.000489368
          20   -0.649512   -0.648211 0.000346487
          20   -0.642952   -0.637502 0.000601497
          20   -0.631672   -0.628514 0.000374019
          20   -0.616848    -0.61788 0.000335006
          20   -0.609392   -0.607168 0.000524153
          20   -0.599496   -0.598099 0.000385646
          20    -0.58988   -0.589574 0.000429473
          20   -0.580424   -0.580304  0.00038963
          20    -0.57268   -0.571715 0.000303953
          20   -0.563064   -0.562774 0.000333884
          20   -0.556104    -0.55465 0.000280439
          20     -0.5464   -0.546286 0.000354407
          20    -0.54156   -0.538416 0.000403332
          20   -0.528976   -0.531418 0.000460707
          20   -0.523008   -0.523395 0.000325867
          20   -0.513848   -0.515173 0.000484441
          20   -0.508376   -0.508494  0.00049622
          20   -0.499736   -0.501248 0.000400861
          20   -0.494032   -0.494071 0.000284726
          20   -0.485816    -0.48715 0.000358172
          20    -0.47604    -0.48038 0.000467246
          20   -0.477544    -0.47462 0.000301808
          20   -0.466096   -0.468124 0.000442385
          20   -0.458776   -0.462116 0.000336577
