          20     82.8949     81.1942     1.03668
          20      64.307     67.3406     1.08867
          20     51.0778     56.5653    0.920839
          20     51.8236     46.5961    0.794724
          20     37.2642     37.8184    0.734408
          20      34.179     31.3197    0.539856
          20     26.2086     27.3071    0.499281
          20     24.2122      23.374    0.466196
          20     21.0061      19.406    0.309874
          20     18.1247     16.5027     0.25018
          20     14.9218     14.8742    0.232381
          20     13.0296     13.3763     0.21094
          20     11.9932     11.4712    0.156044
          20     10.8855     10.4958    0.149117
          20     9.06031     9.26169    0.104701
          20     8.60021     8.38418    0.106013
          20     7.57506     7.66256   0.0763515
          20     6.87708     6.94235   0.0632481
          20     6.04827     6.35452   0.0711533
          20     5.73747     5.83652   0.0696779
          20     5.02064     5.47497   0.0593212
          20     5.03441     5.08166   0.0407134
          20     4.41813     4.64921   0.0460302
          20     4.33322     4.35096   0.0279998
          20     4.24342     4.07455   0.0361088
          20     3.83936     3.81761   0.0235372
          20     3.56316     3.60053   0.0308072
          20     3.51016     3.40526   0.0333438
          20     3.34134     3.23034   0.0253078
          20     3.08355      3.0168   0.0171435
          20     3.00195     2.88103   0.0194054
          20     2.84053     2.75769   0.0130974
          20     2.63403     2.62582   0.0148631
          20     2.45868     2.48581   0.0157716
          20     2.39981      2.3992    0.014811
          20     2.22462     2.26199  0.00838135
          20     2.07731     2.17842   0.0141242
          20     2.14803     2.08723   0.0108455
          20     2.04293     2.00943   0.0125497
          20     1.90125     1.93179  0.00996556
          20      1.9066     1.85108  0.00915933
          20     1.70669     1.77115  0.00980973
          20     1.69109      1.7163  0.00773276
          20     1.61268     1.65308   0.0089505
          20     1.62343     1.60329  0.00973392
          20     1.50655     1.53806  0.00750731
          20     1.45016     1.50145   0.0105535
          20     1.47863     1.45276  0.00892044
          20      1.3987     1.40384  0.00719848
          20     1.34906     1.35857  0.00599574
