-8.48016
-8.36132
-8.26672
-8.17713
-8.12627
-8.03
-7.9955
-7.96812
-7.88039
-7.85534
-7.8401
-7.85446
-7.76331
-7.74069
-7.65623
-7.71482
-7.62821
-7.48776
-7.50222
-7.522
-7.47023
-7.51135
-7.54451
-7.57927
-7.54781
-7.48411
-7.55628
-7.56118
-7.5124
-7.51667
-7.56655
-7.60959
-7.62413
-7.65872
-7.6077
-7.60961
-7.49718
-7.51228
-7.52814
-7.44807
-7.43163
-7.36676
-7.37252
-7.42621
-7.40883
-7.3872
-7.47737
-7.5089
-7.51538
-7.55202
-7.63009
-7.60418
-7.65176
-7.6582
-7.65349
-7.60489
-7.62081
-7.61589
-7.60311
-7.57
-7.60642
-7.5469
-7.60697
-7.59106
-7.63064
-7.61474
-7.60709
-7.60672
-7.60097
-7.53275
-7.4747
-7.48364
-7.58537
-7.57549
-7.58983
-7.56599
-7.59393
-7.5871
-7.55692
-7.52238
-7.51188
-7.56974
-7.54791
-7.59014
-7.58031
-7.65059
-7.61538
-7.66235
-7.55495
-7.59432
-7.60695
-7.57769
-7.56875
-7.56841
-7.56219
-7.50761
-7.57541
-7.60274
-7.57299
-7.47062
-7.47874
-7.45389
-7.39276
-7.40369
-7.491
-7.54581
-7.52468
-7.50357
-7.47873
-7.49574
-7.4559
-7.50139
-7.56035
-7.50253
-7.49532
-7.51954
-7.47337
-7.48727
-7.56524
-7.5372
-7.55401
-7.5481
-7.62082
-7.60891
-7.49685
-7.58357
-7.55984
-7.54676
-7.50667
-7.44774
-7.37355
-7.39037
-7.45277
-7.50404
-7.35915
-7.44225
-7.52211
-7.62018
-7.61787
-7.59582
-7.61842
-7.64828
-7.59545
-7.53799
-7.57218
-7.57084
-7.56179
-7.58364
-7.63158
-7.57442
-7.47114
-7.45393
-7.42828
-7.44166
-7.39656
-7.49043
-7.49102
-7.5514
-7.58218
-7.54931
-7.54944
-7.55118
-7.5361
-7.59058
-7.61474
-7.59547
-7.6095
-7.63308
-7.63213
-7.54783
-7.5727
-7.5772
-7.46804
-7.42341
-7.47522
-7.48561
-7.59336
-7.54004
-7.53408
-7.53518
-7.5826
-7.57252
-7.60711
-7.64527
-7.49516
-7.54314
-7.5454
-7.53426
-7.50748
-7.56895
-7.45283
-7.56316
-7.54458
-7.48523
-7.47866
-7.46642
-7.46259
-7.40707
-7.45851
-7.48266
-7.48375
-7.46993
-7.50134
-7.52836
-7.4968
-7.49237
-7.43899
-7.46727
-7.48581
-7.48232
-7.50642
-7.51496
-7.53265
-7.59213
-7.70145
-7.69702
-7.67454
-7.69044
-7.761
-7.71427
-7.70789
-7.64329
-7.63159
-7.53506
-7.42406
-7.5167
-7.44429
-7.36641
-7.40877
-7.43195
-7.46359
-7.48989
-7.50088
-7.56674
-7.5639
-7.56753
-7.59671
-7.61812
-7.5639
-7.5457
-7.56002
-7.56196
-7.56001
-7.59765
-7.64468
-7.61449
-7.64502
-7.59808
-7.55367
-7.42553
-7.33072
-7.40847
-7.50905
-7.51955
-7.48731
-7.44578
-7.48117
-7.45859
-7.52133
-7.55257
-7.56832
-7.5677
-7.58718
-7.6019
-7.552
-7.55778
-7.59286
-7.54181
-7.53737
-7.51362
-7.56282
-7.51665
-7.5521
-7.56557
-7.54766
-7.48566
-7.52178
-7.55583
-7.55646
-7.54066
-7.57867
-7.55196
-7.39458
-7.44546
-7.49926
-7.53105
-7.47782
-7.47018
-7.50225
-7.51734
-7.49984
-7.42796
-7.41691
-7.4157
-7.48158
-7.4524
-7.46304
-7.4697
-7.47107
-7.49399
-7.42619
-7.46163
-7.44742
-7.4827
-7.47611
-7.46896
-7.45651
-7.45808
-7.4665
-7.44603
-7.43329
-7.4506
-7.51035
-7.49264
-7.49027
-7.48658
-7.50964
-7.57941
-7.54093
-7.54698
-7.53492
-7.58329
-7.61717
-7.57884
-7.64066
-7.629
-7.6741
-7.67336
-7.6229
-7.64937
-7.67587
-7.68873
-7.74642
-7.78608
-7.80283
-7.67767
-7.6743
-7.66505
-7.61589
-7.63322
-7.65107
-7.60822
-7.61127
-7.6288
-7.64289
-7.66982
-7.65103
-7.55065
-7.47377
-7.5354
-7.53444
-7.51051
-7.54095
-7.60036
-7.58488
-7.62222
-7.64359
-7.59248
-7.59587
-7.60083
-7.6375
-7.59643
-7.52219
-7.53303
-7.55929
-7.6004
-7.59113
-7.62599
-7.65795
-7.64276
-7.61813
-7.57708
-7.5732
-7.54771
-7.54072
-7.60607
-7.58665
-7.62633
-7.67071
-7.63785
-7.59734
-7.62489
-7.6792
-7.63354
-7.63516
-7.54372
-7.55166
-7.53971
-7.55444
-7.53717
-7.56949
-7.69799
-7.69674
-7.70884
-7.71072
-7.66922
-7.72579
-7.72478
-7.71046
-7.67852
-7.67975
-7.66976
-7.54994
-7.54412
-7.54679
-7.49232
-7.4672
-7.55481
-7.6034
-7.57602
-7.53306
-7.63102
-7.57902
-7.57443
-7.56959
-7.55063
-7.58866
-7.54765
-7.54001
-7.47688
-7.45189
-7.48017
-7.48824
-7.44528
-7.39119
-7.42945
-7.39789
-7.41764
-7.44919
-7.48775
-7.56719
-7.62294
-7.62302
-7.52885
-7.42292
-7.47234
-7.4446
-7.40621
-7.43275
-7.38659
-7.40459
-7.36335
-7.44433
-7.4666
-7.52578
-7.3853
-7.47554
-7.44268
-7.49141
-7.45137
-7.41793
-7.4452
-7.4226
-7.45879
-7.50553
-7.51178
-7.53332
-7.53993
-7.49586
-7.52811
-7.58306
-7.59802
-7.5977
-7.5125
-7.44712
-7.45927
-7.46523
-7.55617
-7.66003
-7.65653
-7.58214
-7.64531
-7.60989
-7.63835
-7.55918
-7.52485
-7.47399
-7.4278
-7.4319
-7.47714
-7.47011
-7.49254
-7.64754
-7.53831
-7.58255
-7.66117
-7.71574
-7.76196
-7.70009
-7.74692
-7.71552
-7.68845
-7.67705
-7.60112
-7.63384
-7.64781
-7.68357
-7.68236
-7.60715
-7.62741
-7.58101
-7.5429
-7.4911
-7.51014
-7.52655
-7.49203
-7.47588
-7.47441
-7.42125
-7.37328
-7.4188
-7.37255
-7.36865
-7.51979
-7.53893
-7.52252
-7.62956
-7.64184
-7.68654
-7.64579
-7.58832
-7.60533
-7.57843
-7.58784
-7.63216
-7.5596
-7.53162
-7.51534
-7.50781
-7.51815
-7.50771
-7.55947
-7.54192
-7.63956
-7.69168
-7.56605
-7.53165
-7.58418
-7.56765
-7.49947
-7.50853
-7.43982
-7.45552
-7.43255
-7.49134
-7.52163
-7.5573
-7.63014
-7.61376
-7.59746
-7.55221
-7.56686
-7.47609
-7.51034
-7.54664
-7.58426
-7.59098
-7.58036
-7.51912
-7.58085
-7.56274
-7.52444
-7.489
-7.46299
-7.54226
-7.59045
-7.53859
-7.48008
-7.43492
-7.45097
-7.54145
-7.56013
-7.56584
-7.56634
-7.58664
-7.62948
-7.58404
-7.58689
-7.65743
-7.668
-7.64162
-7.58742
-7.67317
-7.61783
-7.58263
-7.54134
-7.55621
-7.52646
-7.51033
-7.55679
-7.48737
-7.56456
-7.52705
-7.51112
-7.49642
-7.46249
-7.56373
-7.53058
-7.53039
-7.59655
-7.57166
-7.61523
-7.64655
-7.61417
-7.58627
-7.58313
-7.54268
-7.5291
-7.55102
-7.56885
-7.61558
-7.63141
-7.65956
-7.58067
-7.67684
-7.66426
-7.68221
-7.6498
-7.56843
-7.57182
-7.64097
-7.705
-7.64861
-7.63733
-7.71498
-7.67654
-7.65541
-7.65665
-7.58883
-7.54187
-7.52967
-7.49816
-7.53512
-7.46366
-7.43217
-7.42805
-7.35773
-7.3763
-7.43225
-7.38341
-7.44635
-7.48124
-7.55228
-7.53579
-7.63912
-7.56821
-7.70159
-7.70299
-7.68259
-7.58532
-7.59329
-7.60373
-7.60859
-7.59222
-7.61604
-7.57664
-7.50935
-7.40605
-7.40972
-7.45735
-7.4409
-7.47271
-7.50702
-7.53605
-7.53997
-7.58022
-7.50959
-7.3887
-7.45021
-7.5774
-7.66089
-7.63817
-7.66557
-7.69492
-7.7053
-7.70471
-7.67575
-7.683
-7.70248
-7.65596
-7.68397
-7.63489
-7.65527
-7.77403
-7.75267
-7.74983
-7.74514
-7.73515
-7.75286
-7.62201
-7.61784
-7.61465
-7.69066
-7.62098
-7.6464
-7.63933
-7.65271
-7.60045
-7.57265
-7.56298
-7.59053
-7.60407
-7.55984
-7.51183
-7.55454
-7.59972
-7.62169
-7.6517
-7.63906
-7.67142
-7.64117
-7.65564
-7.64282
-7.54888
-7.58567
-7.61433
-7.59795
-7.59157
-7.5948
-7.50291
-7.43977
-7.46877
-7.53851
-7.56703
-7.57399
-7.58492
-7.59515
-7.54087
-7.65763
-7.60862
-7.56942
-7.51151
-7.48473
-7.46986
-7.47413
-7.49007
-7.5061
-7.43647
-7.42497
-7.42763
-7.57798
-7.48081
-7.52638
-7.54374
-7.51706
-7.63287
-7.62248
-7.62492
-7.62879
-7.69659
-7.68285
-7.69304
-7.61311
-7.58617
-7.59053
-7.62762
-7.60874
-7.59563
-7.60797
-7.60309
-7.61063
-7.68094
-7.69079
-7.59923
-7.51473
-7.58713
-7.65469
-7.64124
-7.66216
-7.59003
-7.5891
-7.59748
-7.58541
-7.67684
-7.69406
-7.71734
-7.71684
-7.68899
-7.68745
-7.67781
-7.71756
-7.68581
-7.73368
-7.71382
-7.67369
-7.64569
-7.52498
-7.50082
-7.50469
-7.48284
-7.37749
-7.35466
-7.32713
-7.38688
-7.46966
-7.44913
-7.47574
-7.48564
-7.48705
-7.53471
-7.46012
-7.49054
-7.55884
-7.55189
-7.55749
-7.58584
-7.55332
-7.49048
-7.50694
-7.53633
-7.56542
-7.50556
-7.55373
-7.66103
-7.59125
-7.5968
-7.54737
-7.56022
-7.55628
-7.55042
-7.53303
-7.48712
-7.55429
-7.51324
-7.48229
-7.49361
-7.46921
-7.40499
-7.43727
-7.44015
-7.49472
-7.54594
-7.5591
-7.51082
-7.4937
-7.52639
-7.53723
-7.54511
-7.58852
-7.56629
-7.52091
-7.45758
-7.53619
-7.52426
-7.60803
-7.48328
-7.42222
-7.36664
-7.41096
-7.46129
-7.47295
-7.53523
-7.5386
-7.52312
-7.5559
-7.59054
-7.55298
-7.57893
-7.59092
-7.59539
-7.58668
-7.5336
-7.54491
-7.62446
-7.65414
-7.63883
-7.64181
-7.66729
-7.69629
-7.75974
-7.69509
-7.66803
-7.6885
-7.71128
-7.68722
-7.59061
-7.56831
-7.56832
-7.56828
-7.58312
-7.54164
-7.55011
-7.48092
-7.61165
-7.61292
-7.54519
-7.5621
-7.59472
-7.52087
-7.49283
-7.42062
-7.3404
-7.30818
-7.41137
-7.4199
-7.55328
-7.56737
-7.47911
-7.59781
-7.72138
-7.69422
-7.68028
-7.66124
-7.59728
-7.60121
-7.60609
-7.66178
-7.6478
-7.68984
-7.67058
-7.66265
-7.68428
-7.60848
-7.58332
-7.57007
-7.62517
-7.61236
-7.72019
-7.67306
-7.69569
-7.65783
-7.64701
-7.5798
-7.58372
-7.55485
-7.51736
-7.55596
-7.56857
-7.53842
-7.51358
-7.50926
-7.46323
-7.48272
-7.46179
-7.50969
-7.5039
-7.52673
-7.54248
-7.54082
-7.59433
-7.54458
-7.51975
-7.56063
-7.5502
-7.55579
-7.4951
-7.4783
-7.49232
-7.46123
-7.44542
-7.44881
-7.44688
-7.50614
-7.47891
-7.5102
-7.54459
-7.51643
-7.55882
-7.51704
-7.49029
-7.46732
-7.53103
-7.50948
-7.46316
-7.44094
-7.41652
-7.43448
-7.43445
-7.47431
-7.5056
-7.4963
-7.51144
-7.47699
-7.51747
-7.52073
-7.44016
-7.40763
-7.2911
-7.44045
-7.50567
-7.45103
-7.44772
-7.48108
-7.50988
-7.47571
-7.50751
-7.47747
-7.48557
-7.51686
-7.56451
-7.55216
-7.58655
-7.53789
-7.49365
-7.58149
-7.5493
-7.56796
-7.56875
-7.53496
-7.50536
