           1        1.98        1.98           0
           2     1.97998     1.97999 6.43715e-06
           3     1.97993     1.97997 1.78563e-05
           4     1.97984     1.97994 3.18271e-05
           5     1.97971     1.97989 4.79615e-05
           6     1.97955     1.97983 6.60085e-05
           7     1.97935     1.97976 8.57927e-05
           8     1.97911     1.97968 0.000107184
           9     1.97884     1.97959 0.000130082
          10     1.97853     1.97948 0.000154409
          11     1.97818     1.97936   0.0001801
          12      1.9778     1.97923 0.000207104
          13     1.97737     1.97909  0.00023538
          14     1.97692     1.97893 0.000264894
          15     1.97642     1.97877 0.000295616
          16     1.97588     1.97859 0.000327525
          17     1.97531     1.97839 0.000360603
          18     1.97469     1.97819 0.000394836
          19     1.97404     1.97797 0.000430212
          20     1.97335     1.97774 0.000466725
          21     1.97261     1.97749 0.000504369
          22     1.97183     1.97724 0.000543143
          23     1.97101     1.97697 0.000583044
          24     1.97015     1.97668 0.000624077
          25     1.96925     1.97639 0.000666243
          26      1.9683     1.97607 0.000709548
          27      1.9673     1.97575 0.000753994
          28     1.96626     1.97541 0.000799583
          29     1.96517     1.97506 0.000846329
          30     1.96404     1.97469 0.000894245
          31     1.96286     1.97431 0.000943344
          32     1.96163     1.97391  0.00099364
          33     1.96034      1.9735  0.00104514
          34     1.95901     1.97307  0.00109786
          35     1.95763     1.97263  0.00115181
          36     1.95619     1.97218    0.001207
          37      1.9547      1.9717  0.00126346
          38     1.95315     1.97122   0.0013212
          39     1.95155     1.97071  0.00138025
          40     1.94988     1.97019  0.00144061
          41     1.94816     1.96965  0.00150232
          42     1.94638      1.9691  0.00156538
          43     1.94454     1.96853  0.00162983
          44     1.94264     1.96794  0.00169567
          45     1.94067     1.96733  0.00176294
          46     1.93864     1.96671  0.00183166
          47     1.93654     1.96607  0.00190185
          48     1.93437     1.96541  0.00197352
          49     1.93214     1.96473  0.00204671
          50     1.92983     1.96403  0.00212146
          51     1.92745     1.96331  0.00219778
          52     1.92499     1.96258   0.0022757
          53     1.92246     1.96182  0.00235526
          54     1.91985     1.96104  0.00243648
          55     1.91717     1.96025   0.0025194
          56     1.91439     1.95943  0.00260406
          57     1.91154     1.95859  0.00269047
          58      1.9086     1.95772  0.00277867
          59     1.90558     1.95684  0.00286868
          60     1.90247     1.95593  0.00296054
          61     1.89927     1.95501  0.00305428
          62     1.89597     1.95405  0.00314992
          63     1.89259     1.95308   0.0032475
          64     1.88911     1.95208  0.00334706
          65     1.88553     1.95105  0.00344862
          66     1.88185     1.95001  0.00355222
          67     1.87806     1.94893  0.00365789
          68     1.87418     1.94783  0.00376566
          69     1.87019     1.94671  0.00387556
          70     1.86609     1.94556  0.00398763
          71     1.86189     1.94438   0.0041019
          72     1.85757     1.94317   0.0042184
          73     1.85314     1.94194  0.00433716
          74     1.84859     1.94068  0.00445821
          75     1.84393     1.93939  0.00458157
          76     1.83916     1.93807  0.00470728
          77     1.83426     1.93672  0.00483535
          78     1.82924     1.93534  0.00496582
          79      1.8241     1.93393   0.0050987
          80     1.81883      1.9325  0.00523403
          81     1.81344     1.93103  0.00537183
          82     1.80792     1.92952  0.00551212
          83     1.80227     1.92799  0.00565491
          84     1.79649     1.92643  0.00580024
          85     1.79058     1.92483  0.00594812
          86     1.78453      1.9232  0.00609856
          87     1.77835     1.92153  0.00625158
          88     1.77204     1.91983  0.00640719
          89     1.76559      1.9181  0.00656539
          90     1.75901     1.91633  0.00672619
          91     1.75229     1.91453   0.0068896
          92     1.74543     1.91269  0.00705563
          93     1.73844     1.91082  0.00722426
          94     1.73131     1.90891  0.00739551
          95     1.72404     1.90696  0.00756936
          96     1.71663     1.90498   0.0077458
          97     1.70909     1.90296  0.00792482
          98     1.70142      1.9009  0.00810641
          99     1.69361     1.89881  0.00829055
         100     1.68566     1.89668  0.00847722
         101     1.67758     1.89451  0.00866638
         102     1.66938      1.8923  0.00885802
         103     1.66104     1.89006  0.00905209
         104     1.65258     1.88777  0.00924857
         105       1.644     1.88545   0.0094474
         106     1.63529     1.88309  0.00964854
         107     1.62646     1.88069  0.00985195
         108     1.61752     1.87826   0.0100576
         109     1.60847     1.87578   0.0102653
         110     1.59931     1.87327   0.0104752
         111     1.59004     1.87072   0.0106871
         112     1.58067     1.86813   0.0109009
         113     1.57121      1.8655   0.0111166
         114     1.56165     1.86283   0.0113341
         115     1.55201     1.86013   0.0115533
         116     1.54228     1.85739   0.0117742
         117     1.53248     1.85461   0.0119965
         118      1.5226      1.8518   0.0122204
         119     1.51267     1.84895   0.0124456
         120     1.50267     1.84606    0.012672
         121     1.49261     1.84314   0.0128995
         122     1.48252     1.84019   0.0131281
         123     1.47238      1.8372   0.0133576
         124      1.4622     1.83417   0.0135879
         125     1.45201     1.83112   0.0138189
         126     1.44179     1.82803   0.0140504
         127     1.43156      1.8249   0.0142824
         128     1.42132     1.82175   0.0145146
         129     1.41109     1.81857   0.0147471
         130     1.40087     1.81535   0.0149796
         131     1.39066     1.81211    0.015212
         132     1.38048     1.80884   0.0154442
         133     1.37033     1.80554   0.0156761
         134     1.36023     1.80222   0.0159075
         135     1.35016     1.79887   0.0161382
         136     1.34016      1.7955   0.0163682
         137     1.33021      1.7921   0.0165974
         138     1.32033     1.78869   0.0168255
         139     1.31053     1.78525   0.0170525
         140     1.30081     1.78179   0.0172782
         141     1.29118     1.77831   0.0175025
         142     1.28165     1.77481   0.0177252
         143     1.27222     1.77129   0.0179463
         144     1.26289     1.76776   0.0181657
         145     1.25369     1.76422   0.0183831
         146      1.2446     1.76066   0.0185985
         147     1.23564     1.75709   0.0188118
         148     1.22681      1.7535   0.0190229
         149     1.21811     1.74991   0.0192316
         150     1.20956     1.74631   0.0194378
         151     1.20116      1.7427   0.0196415
         152     1.19291     1.73908   0.0198425
         153     1.18481     1.73546   0.0200408
         154     1.17687     1.73183   0.0202362
         155      1.1691      1.7282   0.0204288
         156     1.16149     1.72457   0.0206183
         157     1.15405     1.72093   0.0208047
         158     1.14679      1.7173    0.020988
         159      1.1397     1.71367    0.021168
         160     1.13279     1.71004   0.0213448
         161     1.12606     1.70641   0.0215182
         162     1.11951     1.70279   0.0216882
         163     1.11314     1.69917   0.0218547
         164     1.10696     1.69556   0.0220178
         165     1.10097     1.69196   0.0221773
         166     1.09516     1.68836   0.0223332
         167     1.08954     1.68477   0.0224855
         168     1.08411      1.6812   0.0226341
         169     1.07886     1.67763   0.0227791
         170      1.0738     1.67408   0.0229203
         171     1.06893     1.67054   0.0230579
         172     1.06425     1.66702   0.0231917
         173     1.05976     1.66351   0.0233218
         174     1.05544     1.66001   0.0234481
         175     1.05132     1.65654   0.0235707
         176     1.04737     1.65307   0.0236895
         177     1.04361     1.64963   0.0238046
         178     1.04002     1.64621    0.023916
         179     1.03661      1.6428   0.0240236
         180     1.03338     1.63942   0.0241275
         181     1.03032     1.63605   0.0242278
         182     1.02743     1.63271   0.0243243
         183      1.0247     1.62938   0.0244173
         184     1.02215     1.62608   0.0245066
         185     1.01975     1.62281   0.0245923
         186     1.01751     1.61955   0.0246744
         187     1.01543     1.61632   0.0247531
         188     1.01351     1.61311   0.0248282
         189     1.01173     1.60993   0.0248999
         190     1.01009     1.60678   0.0249682
         191     1.00861     1.60364   0.0250331
         192     1.00726     1.60054   0.0250947
         193     1.00604     1.59746    0.025153
         194     1.00496      1.5944   0.0252081
         195       1.004     1.59138     0.02526
         196     1.00318     1.58837   0.0253088
         197     1.00247      1.5854   0.0253545
         198     1.00188     1.58245   0.0253971
         199      1.0014     1.57953   0.0254368
         200     1.00103     1.57664   0.0254735
         201     1.00077     1.57378   0.0255074
         202     1.00062     1.57094   0.0255384
         203     1.00056     1.56813   0.0255667
         204     1.00059     1.56535   0.0255923
         205     1.00072     1.56259   0.0256153
         206     1.00093     1.55987   0.0256356
         207     1.00123     1.55717   0.0256534
         208      1.0016      1.5545   0.0256688
         209     1.00205     1.55185   0.0256817
         210     1.00258     1.54924   0.0256922
         211     1.00317     1.54665   0.0257005
         212     1.00383     1.54409   0.0257065
         213     1.00454     1.54156   0.0257103
         214     1.00532     1.53905    0.025712
         215     1.00615     1.53657   0.0257116
         216     1.00703     1.53412   0.0257092
         217     1.00796      1.5317   0.0257048
         218     1.00894      1.5293   0.0256985
         219     1.00995     1.52693   0.0256903
         220     1.01099     1.52458   0.0256803
         221     1.01208     1.52226   0.0256686
         222     1.01319     1.51997   0.0256552
         223     1.01432      1.5177   0.0256402
         224     1.01548     1.51546   0.0256236
         225     1.01667     1.51324   0.0256054
         226     1.01786     1.51105   0.0255858
         227     1.01908     1.50888   0.0255647
         228      1.0203     1.50674   0.0255422
         229     1.02154     1.50462   0.0255184
         230     1.02278     1.50253   0.0254933
         231     1.02402     1.50045   0.0254669
         232     1.02527     1.49841   0.0254394
         233     1.02651     1.49638   0.0254107
         234     1.02775     1.49438   0.0253809
         235     1.02899      1.4924   0.0253501
         236     1.03022     1.49044   0.0253182
         237     1.03145      1.4885   0.0252853
         238     1.03266     1.48659   0.0252515
         239     1.03386     1.48469   0.0252168
         240     1.03505     1.48282   0.0251812
         241     1.03623     1.48097   0.0251448
         242     1.03739     1.47913   0.0251077
         243     1.03854     1.47732   0.0250697
         244     1.03968     1.47553    0.025031
         245      1.0408     1.47375   0.0249917
         246      1.0419       1.472   0.0249517
         247     1.04298     1.47026    0.024911
         248     1.04405     1.46854   0.0248698
         249     1.04511     1.46684    0.024828
         250     1.04615     1.46516   0.0247856
         251     1.04717     1.46349   0.0247428
         252     1.04819     1.46185   0.0246994
         253     1.04919     1.46021   0.0246556
         254     1.05018      1.4586   0.0246113
         255     1.05115       1.457   0.0245666
         256     1.05212     1.45542   0.0245215
         257     1.05309     1.45385    0.024476
         258     1.05404     1.45231   0.0244301
         259     1.05499     1.45077   0.0243839
         260     1.05594     1.44925   0.0243374
         261     1.05689     1.44775   0.0242905
         262     1.05784     1.44626   0.0242434
         263      1.0588     1.44479   0.0241959
         264     1.05976     1.44333   0.0241482
         265     1.06072     1.44189   0.0241002
         266      1.0617     1.44046   0.0240519
         267     1.06269     1.43904   0.0240034
         268     1.06368     1.43764   0.0239547
         269      1.0647     1.43625   0.0239057
         270     1.06573     1.43488   0.0238565
         271     1.06677     1.43352   0.0238071
         272     1.06783     1.43218   0.0237575
         273     1.06892     1.43085   0.0237077
         274     1.07002     1.42953   0.0236578
         275     1.07114     1.42823   0.0236076
         276     1.07229     1.42694   0.0235573
         277     1.07346     1.42566   0.0235068
         278     1.07465      1.4244   0.0234561
         279     1.07586     1.42315   0.0234053
         280      1.0771     1.42192   0.0233543
         281     1.07836     1.42069   0.0233032
         282     1.07965     1.41948   0.0232519
         283     1.08095     1.41829   0.0232005
         284     1.08228      1.4171   0.0231489
         285     1.08363     1.41593   0.0230973
         286       1.085     1.41478   0.0230455
         287     1.08638     1.41363   0.0229935
         288     1.08779      1.4125   0.0229415
         289     1.08921     1.41138   0.0228894
         290     1.09064     1.41028   0.0228372
         291     1.09209     1.40918   0.0227849
         292     1.09354      1.4081   0.0227325
         293     1.09501     1.40703     0.02268
         294     1.09649     1.40598   0.0226274
         295     1.09796     1.40493   0.0225748
         296     1.09945      1.4039   0.0225221
         297     1.10093     1.40288   0.0224694
         298     1.10241     1.40187   0.0224166
         299     1.10388     1.40088   0.0223637
         300     1.10535     1.39989   0.0223109
         301     1.10681     1.39892    0.022258
         302     1.10827     1.39795   0.0222051
         303     1.10971       1.397   0.0221522
         304     1.11113     1.39606   0.0220993
         305     1.11254     1.39513   0.0220463
         306     1.11394     1.39421   0.0219934
         307     1.11531     1.39331   0.0219406
         308     1.11666     1.39241   0.0218877
         309     1.11799     1.39152   0.0218349
         310     1.11929     1.39064   0.0217821
         311     1.12057     1.38977   0.0217294
         312     1.12182     1.38891   0.0216767
         313     1.12303     1.38806   0.0216241
         314     1.12422     1.38722   0.0215715
         315     1.12538     1.38639    0.021519
         316      1.1265     1.38557   0.0214667
         317      1.1276     1.38476   0.0214144
         318     1.12865     1.38395   0.0213622
         319     1.12967     1.38315   0.0213101
         320     1.13066     1.38237   0.0212581
         321     1.13161     1.38158   0.0212062
         322     1.13252     1.38081   0.0211544
         323     1.13339     1.38004   0.0211028
         324     1.13422     1.37929   0.0210513
         325     1.13502     1.37853   0.0209999
         326     1.13578     1.37779   0.0209487
         327     1.13649     1.37705   0.0208977
         328     1.13717     1.37632   0.0208467
         329     1.13781      1.3756    0.020796
         330     1.13841     1.37488   0.0207454
         331     1.13897     1.37416   0.0206949
         332     1.13948     1.37346   0.0206447
         333     1.13996     1.37276   0.0205946
         334      1.1404     1.37206   0.0205447
         335      1.1408     1.37137   0.0204949
         336     1.14116     1.37069   0.0204454
         337     1.14147        1.37    0.020396
         338     1.14175     1.36933   0.0203469
         339     1.14199     1.36866   0.0202979
         340     1.14219     1.36799   0.0202491
         341     1.14235     1.36733   0.0202005
         342     1.14247     1.36667   0.0201522
         343     1.14255     1.36602    0.020104
         344     1.14259     1.36537   0.0200561
         345     1.14258     1.36472   0.0200083
         346     1.14254     1.36408   0.0199608
         347     1.14246     1.36344   0.0199135
         348     1.14234     1.36281   0.0198664
         349     1.14217     1.36218   0.0198195
         350     1.14197     1.36155   0.0197729
         351     1.14173     1.36092   0.0197265
         352     1.14145      1.3603   0.0196803
         353     1.14112     1.35968   0.0196343
         354     1.14076     1.35906   0.0195886
         355     1.14035     1.35844   0.0195431
         356     1.13991     1.35783   0.0194978
         357     1.13942     1.35722   0.0194528
         358     1.13889     1.35661    0.019408
         359     1.13831       1.356   0.0193635
         360      1.1377     1.35539   0.0193192
         361     1.13704     1.35479   0.0192752
         362     1.13634     1.35418   0.0192314
         363     1.13559     1.35358   0.0191878
         364      1.1348     1.35298   0.0191445
         365     1.13397     1.35238   0.0191014
         366     1.13309     1.35178   0.0190587
         367     1.13217     1.35118   0.0190161
         368     1.13121     1.35059   0.0189738
         369      1.1302     1.34999   0.0189318
         370     1.12915     1.34939     0.01889
         371     1.12806     1.34879   0.0188485
         372     1.12692      1.3482   0.0188073
         373     1.12574      1.3476   0.0187663
         374     1.12452     1.34701   0.0187256
         375     1.12325     1.34641   0.0186852
         376     1.12195     1.34581   0.0186451
         377      1.1206     1.34521   0.0186052
         378     1.11921     1.34462   0.0185656
         379     1.11778     1.34402   0.0185262
         380     1.11631     1.34342   0.0184871
         381      1.1148     1.34282   0.0184484
         382     1.11326     1.34222   0.0184098
         383     1.11168     1.34162   0.0183716
         384     1.11006     1.34101   0.0183337
         385     1.10841     1.34041    0.018296
         386     1.10673      1.3398   0.0182586
         387     1.10502      1.3392   0.0182215
         388     1.10328     1.33859   0.0181847
         389     1.10151     1.33798   0.0181482
         390     1.09972     1.33737   0.0181119
         391      1.0979     1.33676   0.0180759
         392     1.09606     1.33614   0.0180402
         393     1.09421     1.33553   0.0180048
         394     1.09234     1.33491   0.0179697
         395     1.09045     1.33429   0.0179349
         396     1.08855     1.33367   0.0179003
         397     1.08664     1.33305    0.017866
         398     1.08473     1.33242    0.017832
         399     1.08281      1.3318   0.0177983
         400     1.08089     1.33117   0.0177649
         401     1.07897     1.33054   0.0177317
         402     1.07706     1.32991   0.0176988
         403     1.07515     1.32928   0.0176662
         404     1.07326     1.32865   0.0176338
         405     1.07137     1.32801   0.0176017
         406     1.06951     1.32737   0.0175699
         407     1.06766     1.32674   0.0175383
         408     1.06583      1.3261   0.0175069
         409     1.06403     1.32545   0.0174759
         410     1.06226     1.32481    0.017445
         411     1.06051     1.32417   0.0174144
         412      1.0588     1.32353   0.0173841
         413     1.05713     1.32288   0.0173539
         414     1.05549     1.32223    0.017324
         415      1.0539     1.32159   0.0172944
         416     1.05235     1.32094   0.0172649
         417     1.05084     1.32029   0.0172356
         418     1.04938     1.31965   0.0172066
         419     1.04797       1.319   0.0171777
         420     1.04662     1.31835   0.0171491
         421     1.04532      1.3177   0.0171206
         422     1.04407     1.31705   0.0170923
         423     1.04289      1.3164   0.0170642
         424     1.04176     1.31576   0.0170362
         425      1.0407     1.31511   0.0170084
         426     1.03969     1.31446   0.0169808
         427     1.03876     1.31382   0.0169533
         428     1.03788     1.31317   0.0169259
         429     1.03707     1.31253   0.0168987
         430     1.03633     1.31189   0.0168716
         431     1.03566     1.31124   0.0168446
         432     1.03505     1.31061   0.0168178
         433     1.03452     1.30997    0.016791
         434     1.03405     1.30933   0.0167643
         435     1.03365      1.3087   0.0167378
         436     1.03332     1.30807   0.0167113
         437     1.03305     1.30744   0.0166849
         438     1.03286     1.30681   0.0166586
         439     1.03273     1.30619   0.0166323
         440     1.03267     1.30556   0.0166061
         441     1.03268     1.30495     0.01658
         442     1.03275     1.30433   0.0165539
         443     1.03289     1.30372   0.0165279
         444      1.0331     1.30311   0.0165019
         445     1.03337      1.3025    0.016476
         446      1.0337      1.3019     0.01645
         447     1.03409      1.3013   0.0164241
         448     1.03455      1.3007   0.0163983
         449     1.03506     1.30011   0.0163724
         450     1.03564     1.29952   0.0163466
         451     1.03627     1.29894   0.0163208
         452     1.03696     1.29836   0.0162949
         453      1.0377     1.29779   0.0162691
         454      1.0385     1.29721   0.0162433
         455     1.03934     1.29665   0.0162175
         456     1.04024     1.29609   0.0161917
         457     1.04119     1.29553   0.0161658
         458     1.04219     1.29497     0.01614
         459     1.04323     1.29443   0.0161142
         460     1.04432     1.29388   0.0160883
         461     1.04546     1.29334   0.0160624
         462     1.04664     1.29281   0.0160365
         463     1.04786     1.29228   0.0160106
         464     1.04911     1.29176   0.0159847
         465     1.05041     1.29124   0.0159587
         466     1.05175     1.29072   0.0159328
         467     1.05312     1.29022   0.0159068
         468     1.05452     1.28971   0.0158808
         469     1.05596     1.28921   0.0158547
         470     1.05742     1.28872   0.0158286
         471     1.05892     1.28823   0.0158026
         472     1.06045     1.28775   0.0157764
         473       1.062     1.28727   0.0157503
         474     1.06358      1.2868   0.0157241
         475     1.06519     1.28633    0.015698
         476     1.06682     1.28587   0.0156718
         477     1.06847     1.28542   0.0156455
         478     1.07014     1.28497   0.0156193
         479     1.07183     1.28452    0.015593
         480     1.07353     1.28408   0.0155667
         481     1.07526     1.28365   0.0155404
         482       1.077     1.28322   0.0155141
         483     1.07875      1.2828   0.0154877
         484     1.08051     1.28238   0.0154614
         485     1.08229     1.28197    0.015435
         486     1.08408     1.28156   0.0154086
         487     1.08587     1.28116   0.0153822
         488     1.08767     1.28076   0.0153558
         489     1.08947     1.28037   0.0153294
         490     1.09128     1.27998   0.0153029
         491     1.09309      1.2796   0.0152765
         492     1.09491     1.27923   0.0152501
         493     1.09672     1.27886   0.0152236
         494     1.09852     1.27849   0.0151972
         495     1.10033     1.27813   0.0151707
         496     1.10212     1.27778   0.0151443
         497     1.10391     1.27743   0.0151179
         498     1.10569     1.27708   0.0150915
         499     1.10745     1.27674    0.015065
         500     1.10921     1.27641   0.0150386
         501     1.11094     1.27608   0.0150122
         502     1.11266     1.27575   0.0149859
         503     1.11436     1.27543   0.0149595
         504     1.11604     1.27511   0.0149332
         505     1.11769      1.2748   0.0149069
         506     1.11931     1.27449   0.0148806
         507     1.12091     1.27419   0.0148543
         508     1.12248     1.27389   0.0148281
         509     1.12402      1.2736   0.0148018
         510     1.12552     1.27331   0.0147757
         511     1.12698     1.27302   0.0147495
         512     1.12841     1.27274   0.0147234
         513      1.1298     1.27246   0.0146974
         514     1.13114     1.27219   0.0146713
         515     1.13244     1.27191   0.0146454
         516     1.13369     1.27165   0.0146194
         517      1.1349     1.27138   0.0145935
         518     1.13605     1.27112   0.0145677
         519     1.13716     1.27086   0.0145419
         520     1.13821     1.27061   0.0145162
         521      1.1392     1.27036   0.0144905
         522     1.14014     1.27011   0.0144649
         523     1.14102     1.26986   0.0144394
         524     1.14184     1.26962   0.0144139
         525      1.1426     1.26937   0.0143884
         526      1.1433     1.26913   0.0143631
         527     1.14394      1.2689   0.0143378
         528     1.14451     1.26866   0.0143126
         529     1.14502     1.26843   0.0142874
         530     1.14546     1.26819   0.0142624
         531     1.14584     1.26796   0.0142374
         532     1.14615     1.26774   0.0142124
         533     1.14639     1.26751   0.0141876
         534     1.14656     1.26728   0.0141628
         535     1.14666     1.26706   0.0141382
         536      1.1467     1.26683   0.0141136
         537     1.14667     1.26661   0.0140891
         538     1.14656     1.26638   0.0140646
         539     1.14639     1.26616   0.0140403
         540     1.14615     1.26594   0.0140161
         541     1.14584     1.26572   0.0139919
         542     1.14546      1.2655   0.0139679
         543     1.14501     1.26527   0.0139439
         544      1.1445     1.26505     0.01392
         545     1.14391     1.26483   0.0138963
         546     1.14326     1.26461   0.0138726
         547     1.14255     1.26438    0.013849
         548     1.14176     1.26416   0.0138256
         549     1.14091     1.26394   0.0138022
         550        1.14     1.26371   0.0137789
         551     1.13902     1.26348   0.0137558
         552     1.13798     1.26326   0.0137328
         553     1.13688     1.26303   0.0137098
         554     1.13572      1.2628    0.013687
         555     1.13451     1.26257   0.0136643
         556     1.13323     1.26233   0.0136417
         557      1.1319      1.2621   0.0136192
         558     1.13051     1.26186   0.0135969
         559     1.12907     1.26163   0.0135746
         560     1.12758     1.26139   0.0135525
         561     1.12604     1.26115   0.0135305
         562     1.12446      1.2609   0.0135086
         563     1.12283     1.26066   0.0134868
         564     1.12115     1.26041   0.0134652
         565     1.11944     1.26016   0.0134436
         566     1.11768     1.25991   0.0134222
         567      1.1159     1.25965    0.013401
         568     1.11408      1.2594   0.0133798
         569     1.11222     1.25914   0.0133588
         570     1.11035     1.25888   0.0133379
         571     1.10845     1.25862   0.0133172
         572     1.10653     1.25835   0.0132965
         573     1.10459     1.25808    0.013276
         574     1.10263     1.25781   0.0132557
         575     1.10067     1.25754   0.0132354
         576      1.0987     1.25726   0.0132153
         577     1.09673     1.25698   0.0131954
         578     1.09476      1.2567   0.0131755
         579     1.09279     1.25642   0.0131558
         580     1.09084     1.25613   0.0131362
         581     1.08889     1.25585   0.0131168
         582     1.08697     1.25556   0.0130974
         583     1.08506     1.25526   0.0130782
         584     1.08318     1.25497   0.0130592
         585     1.08134     1.25467   0.0130402
         586     1.07953     1.25437   0.0130214
         587     1.07775     1.25407   0.0130027
         588     1.07602     1.25377   0.0129841
         589     1.07434     1.25346   0.0129656
         590     1.07272     1.25316   0.0129473
         591     1.07115     1.25285    0.012929
         592     1.06964     1.25254   0.0129109
         593      1.0682     1.25223   0.0128928
         594     1.06683     1.25192   0.0128749
         595     1.06553      1.2516   0.0128571
         596     1.06432     1.25129   0.0128394
         597     1.06318     1.25098   0.0128217
         598     1.06214     1.25066   0.0128042
         599     1.06119     1.25034   0.0127867
         600     1.06033     1.25003   0.0127693
         601     1.05957     1.24971    0.012752
         602     1.05892     1.24939   0.0127347
         603     1.05837     1.24908   0.0127176
         604     1.05792     1.24876   0.0127004
         605     1.05759     1.24844   0.0126834
         606     1.05737     1.24813   0.0126664
         607     1.05726     1.24781   0.0126494
         608     1.05727      1.2475   0.0126325
         609      1.0574     1.24719   0.0126156
         610     1.05764     1.24688   0.0125987
         611       1.058     1.24657   0.0125819
         612     1.05848     1.24626   0.0125651
         613     1.05907     1.24596   0.0125483
         614     1.05978     1.24565   0.0125315
         615      1.0606     1.24535   0.0125148
         616     1.06153     1.24505    0.012498
         617     1.06257     1.24476   0.0124813
         618     1.06371     1.24446   0.0124645
         619     1.06496     1.24417   0.0124477
         620     1.06631     1.24389    0.012431
         621     1.06775      1.2436   0.0124142
         622     1.06928     1.24332   0.0123974
         623      1.0709     1.24305   0.0123806
         624      1.0726     1.24277   0.0123638
         625     1.07438      1.2425   0.0123469
         626     1.07623     1.24224     0.01233
         627     1.07814     1.24198   0.0123132
         628     1.08012     1.24172   0.0122962
         629     1.08215     1.24147   0.0122793
         630     1.08424     1.24122   0.0122624
         631     1.08636     1.24097   0.0122454
         632     1.08853     1.24073   0.0122284
         633     1.09074     1.24049   0.0122114
         634     1.09298     1.24026   0.0121943
         635     1.09524     1.24003   0.0121772
         636     1.09752     1.23981   0.0121602
         637     1.09983     1.23959   0.0121431
         638     1.10214     1.23937   0.0121259
         639     1.10447     1.23916   0.0121088
         640      1.1068     1.23895   0.0120916
         641     1.10913     1.23875   0.0120745
         642     1.11146     1.23855   0.0120573
         643     1.11379     1.23836   0.0120401
         644     1.11611     1.23817   0.0120229
         645     1.11842     1.23798   0.0120057
         646     1.12072      1.2378   0.0119885
         647     1.12301     1.23762   0.0119713
         648     1.12527     1.23745   0.0119541
         649     1.12752     1.23728   0.0119368
         650     1.12975     1.23712   0.0119196
         651     1.13195     1.23696   0.0119024
         652     1.13413      1.2368   0.0118852
         653     1.13628     1.23664    0.011868
         654      1.1384     1.23649   0.0118508
         655     1.14049     1.23635   0.0118336
         656     1.14255      1.2362   0.0118164
         657     1.14458     1.23606   0.0117993
         658     1.14657     1.23593   0.0117821
         659     1.14853      1.2358    0.011765
         660     1.15045     1.23567   0.0117479
         661     1.15233     1.23554   0.0117308
         662     1.15417     1.23542   0.0117137
         663     1.15596      1.2353   0.0116966
         664     1.15771     1.23518   0.0116796
         665     1.15942     1.23507   0.0116626
         666     1.16107     1.23496   0.0116456
         667     1.16267     1.23485   0.0116287
         668     1.16423     1.23474   0.0116117
         669     1.16572     1.23464   0.0115948
         670     1.16716     1.23454    0.011578
         671     1.16855     1.23444   0.0115611
         672     1.16987     1.23434   0.0115443
         673     1.17113     1.23425   0.0115276
         674     1.17232     1.23416   0.0115108
         675     1.17345     1.23407   0.0114941
         676     1.17452     1.23398   0.0114775
         677     1.17551     1.23389   0.0114608
         678     1.17643     1.23381   0.0114442
         679     1.17727     1.23372   0.0114277
         680     1.17804     1.23364   0.0114112
         681     1.17873     1.23356   0.0113947
         682     1.17935     1.23348   0.0113783
         683     1.17988      1.2334   0.0113619
         684     1.18033     1.23333   0.0113455
         685     1.18069     1.23325   0.0113292
         686     1.18098     1.23317    0.011313
         687     1.18117      1.2331   0.0112968
         688     1.18128     1.23302   0.0112806
         689      1.1813     1.23295   0.0112645
         690     1.18123     1.23287   0.0112484
         691     1.18107      1.2328   0.0112324
         692     1.18083     1.23272   0.0112164
         693     1.18049     1.23265   0.0112004
         694     1.18007     1.23257   0.0111846
         695     1.17955      1.2325   0.0111687
         696     1.17895     1.23242    0.011153
         697     1.17826     1.23234   0.0111372
         698     1.17748     1.23226   0.0111215
         699     1.17661     1.23218   0.0111059
         700     1.17566      1.2321   0.0110903
         701     1.17462     1.23202   0.0110748
         702      1.1735     1.23194   0.0110594
         703     1.17229     1.23185    0.011044
         704     1.17101     1.23177   0.0110286
         705     1.16964     1.23168   0.0110133
         706      1.1682     1.23159   0.0109981
         707     1.16668      1.2315   0.0109829
         708     1.16509      1.2314   0.0109678
         709     1.16343     1.23131   0.0109528
         710      1.1617     1.23121   0.0109378
         711     1.15991     1.23111   0.0109228
         712     1.15805       1.231    0.010908
         713     1.15614      1.2309   0.0108932
         714     1.15416     1.23079   0.0108785
         715     1.15213     1.23068   0.0108638
         716     1.15005     1.23057   0.0108492
         717     1.14792     1.23045   0.0108347
         718     1.14574     1.23034   0.0108202
         719     1.14352     1.23022   0.0108059
         720     1.14126     1.23009   0.0107916
         721     1.13896     1.22997   0.0107773
         722     1.13663     1.22984   0.0107632
         723     1.13426      1.2297   0.0107491
         724     1.13186     1.22957   0.0107351
         725     1.12944     1.22943   0.0107212
         726     1.12699     1.22929   0.0107074
         727     1.12452     1.22915   0.0106936
         728     1.12203       1.229   0.0106799
         729     1.11952     1.22885   0.0106663
         730     1.11699      1.2287   0.0106528
         731     1.11445     1.22854   0.0106394
         732     1.11189     1.22838   0.0106261
         733     1.10932     1.22822   0.0106128
         734     1.10675     1.22805   0.0105996
         735     1.10417     1.22788   0.0105865
         736     1.10158     1.22771   0.0105736
         737     1.09898     1.22754   0.0105606
         738     1.09638     1.22736   0.0105478
         739     1.09378     1.22718   0.0105351
         740     1.09118     1.22699   0.0105225
         741     1.08858     1.22681   0.0105099
         742     1.08598     1.22662   0.0104975
         743     1.08339     1.22643   0.0104851
         744      1.0808     1.22623   0.0104729
         745     1.07821     1.22603   0.0104607
         746     1.07564     1.22583   0.0104486
         747     1.07307     1.22562   0.0104366
         748     1.07051     1.22542   0.0104247
         749     1.06796     1.22521   0.0104129
         750     1.06542     1.22499   0.0104012
         751      1.0629     1.22478   0.0103896
         752     1.06039     1.22456   0.0103781
         753     1.05791     1.22434   0.0103667
         754     1.05544     1.22411   0.0103553
         755     1.05299     1.22389   0.0103441
         756     1.05056     1.22366    0.010333
         757     1.04816     1.22343   0.0103219
         758     1.04578     1.22319    0.010311
         759     1.04343     1.22296   0.0103001
         760     1.04112     1.22272   0.0102893
         761     1.03883     1.22247   0.0102786
         762     1.03658     1.22223    0.010268
         763     1.03436     1.22198   0.0102575
         764     1.03219     1.22174   0.0102471
         765     1.03005     1.22149   0.0102368
         766     1.02796     1.22123   0.0102265
         767     1.02591     1.22098   0.0102164
         768     1.02391     1.22072   0.0102063
         769     1.02195     1.22046   0.0101963
         770     1.02005      1.2202   0.0101864
         771     1.01821     1.21994   0.0101765
         772     1.01641     1.21968   0.0101668
         773     1.01468     1.21941   0.0101571
         774       1.013     1.21915   0.0101474
         775     1.01138     1.21888   0.0101379
         776     1.00983     1.21861   0.0101284
         777     1.00834     1.21834    0.010119
         778     1.00691     1.21807   0.0101096
         779     1.00555     1.21779   0.0101003
         780     1.00426     1.21752   0.0100911
         781     1.00303     1.21724   0.0100819
         782     1.00187     1.21697   0.0100728
         783     1.00078     1.21669   0.0100637
         784    0.999765     1.21642   0.0100547
         785    0.998818     1.21614   0.0100457
         786    0.997941     1.21586   0.0100367
         787    0.997136     1.21558   0.0100278
         788    0.996401      1.2153    0.010019
         789    0.995737     1.21503   0.0100101
         790    0.995143     1.21475   0.0100013
         791    0.994618     1.21447  0.00999254
         792    0.994163     1.21419   0.0099838
         793    0.993775     1.21391  0.00997508
         794    0.993455     1.21364  0.00996638
         795      0.9932     1.21336   0.0099577
         796    0.993011     1.21308  0.00994903
         797    0.992885     1.21281  0.00994039
         798     0.99282     1.21253  0.00993175
         799    0.992815     1.21226  0.00992313
         800     0.99287     1.21198  0.00991451
         801    0.992982     1.21171   0.0099059
         802    0.993149     1.21144   0.0098973
         803    0.993369     1.21116   0.0098887
         804     0.99364     1.21089   0.0098801
         805    0.993961     1.21062   0.0098715
         806    0.994328     1.21036   0.0098629
         807    0.994741     1.21009   0.0098543
         808    0.995197     1.20982  0.00984569
         809    0.995694     1.20956  0.00983708
         810     0.99623     1.20929  0.00982846
         811    0.996803     1.20903  0.00981983
         812    0.997411     1.20877  0.00981119
         813    0.998052     1.20851  0.00980255
         814    0.998724     1.20825  0.00979389
         815    0.999426       1.208  0.00978523
         816     1.00015     1.20774  0.00977655
         817     1.00091     1.20749  0.00976786
         818     1.00168     1.20724  0.00975916
         819     1.00248     1.20699  0.00975045
         820      1.0033     1.20674  0.00974172
         821     1.00414     1.20649  0.00973298
         822     1.00499     1.20625  0.00972423
         823     1.00586       1.206  0.00971546
         824     1.00675     1.20576  0.00970668
         825     1.00764     1.20552  0.00969788
         826     1.00855     1.20528  0.00968907
         827     1.00947     1.20505  0.00968025
         828      1.0104     1.20481  0.00967141
         829     1.01134     1.20458  0.00966256
         830     1.01229     1.20435  0.00965369
         831     1.01325     1.20412  0.00964482
         832     1.01421     1.20389  0.00963592
         833     1.01518     1.20366  0.00962702
         834     1.01615     1.20344   0.0096181
         835     1.01713     1.20321  0.00960917
         836     1.01812     1.20299  0.00960023
         837     1.01911     1.20277  0.00959127
         838      1.0201     1.20256   0.0095823
         839      1.0211     1.20234  0.00957332
         840     1.02209     1.20212  0.00956433
         841      1.0231     1.20191  0.00955532
         842      1.0241      1.2017  0.00954631
         843     1.02511     1.20149  0.00953728
         844     1.02612     1.20128  0.00952825
         845     1.02713     1.20108   0.0095192
         846     1.02815     1.20087  0.00951014
         847     1.02917     1.20067  0.00950107
         848     1.03018     1.20047    0.009492
         849     1.03121     1.20027  0.00948291
         850     1.03223     1.20007  0.00947381
         851     1.03325     1.19988  0.00946471
         852     1.03428     1.19968   0.0094556
         853      1.0353     1.19949  0.00944647
         854     1.03633      1.1993  0.00943734
         855     1.03736     1.19911  0.00942821
         856     1.03838     1.19892  0.00941906
         857     1.03941     1.19873  0.00940991
         858     1.04044     1.19855  0.00940075
         859     1.04147     1.19837  0.00939159
         860      1.0425     1.19819  0.00938241
         861     1.04353     1.19801  0.00937324
         862     1.04456     1.19783  0.00936405
         863     1.04559     1.19765  0.00935486
         864     1.04662     1.19748  0.00934567
         865     1.04765      1.1973  0.00933647
         866     1.04867     1.19713  0.00932727
         867     1.04969     1.19696  0.00931806
         868     1.05071     1.19679  0.00930885
         869     1.05172     1.19663  0.00929963
         870     1.05274     1.19646  0.00929041
         871     1.05374      1.1963  0.00928119
         872     1.05475     1.19614  0.00927197
         873     1.05575     1.19597  0.00926274
         874     1.05674     1.19582  0.00925351
         875     1.05772     1.19566  0.00924428
         876      1.0587      1.1955  0.00923505
         877     1.05967     1.19535  0.00922582
         878     1.06063     1.19519  0.00921659
         879     1.06158     1.19504  0.00920736
         880     1.06252     1.19489  0.00919812
         881     1.06346     1.19474  0.00918889
         882     1.06438     1.19459  0.00917966
         883     1.06528     1.19445  0.00917044
         884     1.06618      1.1943  0.00916121
         885     1.06706     1.19416  0.00915199
         886     1.06792     1.19402  0.00914277
         887     1.06877     1.19387  0.00913355
         888     1.06961     1.19373  0.00912434
         889     1.07042      1.1936  0.00911513
         890     1.07122     1.19346  0.00910592
         891       1.072     1.19332  0.00909672
         892     1.07276     1.19319  0.00908753
         893      1.0735     1.19305  0.00907834
         894     1.07422     1.19292  0.00906916
         895     1.07492     1.19279  0.00905998
         896      1.0756     1.19266  0.00905082
         897     1.07625     1.19253  0.00904166
         898     1.07688      1.1924   0.0090325
         899     1.07748     1.19227  0.00902336
         900     1.07806     1.19214  0.00901423
         901     1.07861     1.19202   0.0090051
         902     1.07914     1.19189  0.00899599
         903     1.07963     1.19177  0.00898689
         904      1.0801     1.19164  0.00897779
         905     1.08054     1.19152  0.00896871
         906     1.08095      1.1914  0.00895964
         907     1.08133     1.19128  0.00895059
         908     1.08167     1.19116  0.00894154
         909     1.08199     1.19104  0.00893251
         910     1.08227     1.19092   0.0089235
         911     1.08252      1.1908   0.0089145
         912     1.08273     1.19068  0.00890551
         913     1.08291     1.19056  0.00889654
         914     1.08306     1.19045  0.00888758
         915     1.08317     1.19033  0.00887864
         916     1.08324     1.19021  0.00886972
         917     1.08328     1.19009  0.00886081
         918     1.08328     1.18998  0.00885192
         919     1.08324     1.18986  0.00884305
         920     1.08317     1.18975   0.0088342
         921     1.08306     1.18963  0.00882537
         922     1.08291     1.18951  0.00881656
         923     1.08272      1.1894  0.00880776
         924     1.08249     1.18928  0.00879899
         925     1.08223     1.18917  0.00879024
         926     1.08193     1.18905  0.00878151
         927     1.08159     1.18894   0.0087728
         928     1.08121     1.18882  0.00876412
         929     1.08079      1.1887  0.00875545
         930     1.08034     1.18859  0.00874681
         931     1.07985     1.18847   0.0087382
         932     1.07932     1.18835  0.00872961
         933     1.07875     1.18824  0.00872104
         934     1.07815     1.18812   0.0087125
         935     1.07751       1.188  0.00870399
         936     1.07684     1.18788   0.0086955
         937     1.07613     1.18776  0.00868704
         938     1.07538     1.18764   0.0086786
         939      1.0746     1.18752  0.00867019
         940     1.07379      1.1874  0.00866181
         941     1.07295     1.18728  0.00865346
         942     1.07208     1.18716  0.00864514
         943     1.07118     1.18703  0.00863685
         944     1.07025     1.18691  0.00862858
         945     1.06929     1.18678  0.00862035
         946      1.0683     1.18666  0.00861215
         947     1.06729     1.18653  0.00860398
         948     1.06626     1.18641  0.00859584
         949      1.0652     1.18628  0.00858773
         950     1.06413     1.18615  0.00857965
         951     1.06303     1.18602   0.0085716
         952     1.06191     1.18589  0.00856359
         953     1.06078     1.18576  0.00855561
         954     1.05963     1.18563  0.00854767
         955     1.05847     1.18549  0.00853975
         956      1.0573     1.18536  0.00853187
         957     1.05612     1.18522  0.00852403
         958     1.05493     1.18509  0.00851621
         959     1.05373     1.18495  0.00850843
         960     1.05253     1.18481  0.00850069
         961     1.05132     1.18467  0.00849298
         962     1.05012     1.18453   0.0084853
         963     1.04891     1.18439  0.00847766
         964     1.04771     1.18425  0.00847005
         965     1.04651     1.18411  0.00846248
         966     1.04531     1.18397  0.00845494
         967     1.04412     1.18382  0.00844743
         968     1.04295     1.18368  0.00843996
         969     1.04178     1.18353  0.00843252
         970     1.04063     1.18338  0.00842511
         971     1.03949     1.18323  0.00841774
         972     1.03837     1.18308  0.00841039
         973     1.03727     1.18293  0.00840309
         974     1.03619     1.18278  0.00839581
         975     1.03513     1.18263  0.00838856
         976     1.03409     1.18248  0.00838135
         977     1.03308     1.18233  0.00837417
         978      1.0321     1.18217  0.00836701
         979     1.03115     1.18202  0.00835989
         980     1.03023     1.18186  0.00835279
         981     1.02934     1.18171  0.00834572
         982     1.02848     1.18155  0.00833868
         983     1.02766      1.1814  0.00833167
         984     1.02687     1.18124  0.00832468
         985     1.02612     1.18108  0.00831772
         986     1.02542     1.18092  0.00831078
         987     1.02475     1.18077  0.00830387
         988     1.02412     1.18061  0.00829698
         989     1.02353     1.18045  0.00829011
         990     1.02298     1.18029  0.00828326
         991     1.02248     1.18013  0.00827643
         992     1.02202     1.17997  0.00826962
         993      1.0216     1.17981  0.00826283
         994     1.02123     1.17965  0.00825606
         995      1.0209     1.17949  0.00824931
         996     1.02061     1.17933  0.00824257
         997     1.02037     1.17917  0.00823584
         998     1.02017     1.17901  0.00822913
         999     1.02001     1.17886  0.00822243
        1000      1.0199      1.1787  0.00821574
        1001     1.01983     1.17854  0.00820907
        1002      1.0198     1.17838  0.00820241
        1003     1.01981     1.17822  0.00819575
        1004     1.01986     1.17806  0.00818911
        1005     1.01995     1.17791  0.00818247
        1006     1.02008     1.17775  0.00817584
        1007     1.02024     1.17759  0.00816922
        1008     1.02044     1.17744   0.0081626
        1009     1.02067     1.17728  0.00815599
        1010     1.02094     1.17713  0.00814938
        1011     1.02123     1.17697  0.00814278
        1012     1.02156     1.17682  0.00813618
        1013     1.02192     1.17667  0.00812959
        1014      1.0223     1.17651  0.00812299
        1015     1.02271     1.17636   0.0081164
        1016     1.02315     1.17621  0.00810982
        1017     1.02361     1.17606  0.00810323
        1018     1.02409     1.17591  0.00809665
        1019     1.02459     1.17576  0.00809006
        1020     1.02512     1.17562  0.00808348
        1021     1.02566     1.17547  0.00807689
        1022     1.02622     1.17532  0.00807031
        1023      1.0268     1.17518  0.00806373
        1024     1.02739     1.17503  0.00805715
        1025       1.028     1.17489  0.00805056
        1026     1.02863     1.17475  0.00804398
        1027     1.02926     1.17461  0.00803739
        1028     1.02991     1.17446  0.00803081
        1029     1.03058     1.17433  0.00802422
        1030     1.03125     1.17419  0.00801763
        1031     1.03193     1.17405  0.00801104
        1032     1.03262     1.17391  0.00800445
        1033     1.03332     1.17377  0.00799786
        1034     1.03403     1.17364  0.00799127
        1035     1.03475     1.17351  0.00798467
        1036     1.03548     1.17337  0.00797808
        1037     1.03621     1.17324  0.00797148
        1038     1.03695     1.17311  0.00796488
        1039     1.03769     1.17298  0.00795828
        1040     1.03844     1.17285  0.00795168
        1041      1.0392     1.17272  0.00794508
        1042     1.03996     1.17259  0.00793847
        1043     1.04073     1.17247  0.00793187
        1044      1.0415     1.17234  0.00792526
        1045     1.04228     1.17222  0.00791866
        1046     1.04306     1.17209  0.00791205
        1047     1.04385     1.17197  0.00790544
        1048     1.04464     1.17185  0.00789883
        1049     1.04544     1.17173  0.00789222
        1050     1.04624     1.17161  0.00788561
        1051     1.04705     1.17149    0.007879
        1052     1.04787     1.17137  0.00787238
        1053     1.04869     1.17126  0.00786577
        1054     1.04952     1.17114  0.00785915
        1055     1.05035     1.17103  0.00785254
        1056     1.05119     1.17091  0.00784592
        1057     1.05203      1.1708  0.00783931
        1058     1.05289     1.17069  0.00783269
        1059     1.05375     1.17058  0.00782607
        1060     1.05462     1.17047  0.00781945
        1061      1.0555     1.17036  0.00781283
        1062     1.05639     1.17025  0.00780621
        1063     1.05729     1.17015  0.00779959
        1064     1.05819     1.17004  0.00779297
        1065     1.05911     1.16994  0.00778635
        1066     1.06004     1.16984  0.00777973
        1067     1.06099     1.16973  0.00777311
        1068     1.06194     1.16963  0.00776648
        1069     1.06291     1.16953  0.00775986
        1070      1.0639     1.16943  0.00775324
        1071      1.0649     1.16934  0.00774661
        1072     1.06591     1.16924  0.00773998
        1073     1.06694     1.16914  0.00773336
        1074     1.06799     1.16905  0.00772673
        1075     1.06905     1.16896   0.0077201
        1076     1.07013     1.16887  0.00771348
        1077     1.07123     1.16877  0.00770685
        1078     1.07235     1.16869  0.00770022
        1079     1.07349      1.1686  0.00769358
        1080     1.07464     1.16851  0.00768695
        1081     1.07582     1.16842  0.00768032
        1082     1.07702     1.16834  0.00767369
        1083     1.07823     1.16826  0.00766705
        1084     1.07947     1.16817  0.00766042
        1085     1.08073     1.16809  0.00765378
        1086     1.08201     1.16801  0.00764714
        1087      1.0833     1.16794  0.00764051
        1088     1.08462     1.16786  0.00763387
        1089     1.08596     1.16779  0.00762723
        1090     1.08731     1.16771  0.00762059
        1091     1.08869     1.16764  0.00761395
        1092     1.09008     1.16757   0.0076073
        1093     1.09149      1.1675  0.00760066
        1094     1.09292     1.16743  0.00759402
        1095     1.09436     1.16736  0.00758738
        1096     1.09582      1.1673  0.00758074
        1097     1.09729     1.16723   0.0075741
        1098     1.09877     1.16717  0.00756745
        1099     1.10026     1.16711  0.00756081
        1100     1.10177     1.16705  0.00755417
        1101     1.10328     1.16699  0.00754753
        1102      1.1048     1.16694   0.0075409
        1103     1.10632     1.16688  0.00753426
        1104     1.10785     1.16683  0.00752762
        1105     1.10938     1.16678  0.00752099
        1106     1.11092     1.16673  0.00751436
        1107     1.11245     1.16668  0.00750773
        1108     1.11398     1.16663  0.00750111
        1109      1.1155     1.16658  0.00749449
        1110     1.11702     1.16654  0.00748787
        1111     1.11853      1.1665  0.00748125
        1112     1.12002     1.16645  0.00747464
        1113     1.12151     1.16641  0.00746803
        1114     1.12298     1.16637  0.00746143
        1115     1.12444     1.16634  0.00745484
        1116     1.12588      1.1663  0.00744824
        1117      1.1273     1.16627  0.00744166
        1118      1.1287     1.16623  0.00743508
        1119     1.13008      1.1662   0.0074285
        1120     1.13143     1.16617  0.00742193
        1121     1.13276     1.16614  0.00741537
        1122     1.13406     1.16611  0.00740882
        1123     1.13532     1.16608  0.00740227
        1124     1.13656     1.16606  0.00739573
        1125     1.13776     1.16603   0.0073892
        1126     1.13893     1.16601  0.00738268
        1127     1.14006     1.16598  0.00737617
        1128     1.14116     1.16596  0.00736966
        1129     1.14221     1.16594  0.00736316
        1130     1.14323     1.16592  0.00735667
        1131      1.1442      1.1659  0.00735019
        1132     1.14514     1.16588  0.00734372
        1133     1.14602     1.16587  0.00733726
        1134     1.14687     1.16585  0.00733081
        1135     1.14766     1.16583  0.00732437
        1136     1.14841     1.16582  0.00731794
        1137     1.14912      1.1658  0.00731152
        1138     1.14977     1.16579  0.00730511
        1139     1.15037     1.16578   0.0072987
        1140     1.15093     1.16576  0.00729231
        1141     1.15143     1.16575  0.00728593
        1142     1.15188     1.16574  0.00727956
        1143     1.15228     1.16573   0.0072732
        1144     1.15264     1.16572  0.00726686
        1145     1.15293      1.1657  0.00726052
        1146     1.15318     1.16569  0.00725419
        1147     1.15338     1.16568  0.00724787
        1148     1.15352     1.16567  0.00724157
        1149     1.15361     1.16566  0.00723527
        1150     1.15365     1.16565  0.00722899
        1151     1.15364     1.16564  0.00722272
        1152     1.15357     1.16563  0.00721645
        1153     1.15346     1.16562   0.0072102
        1154     1.15329     1.16561  0.00720396
        1155     1.15308      1.1656  0.00719773
        1156     1.15281     1.16559  0.00719152
        1157      1.1525     1.16558  0.00718531
        1158     1.15214     1.16556  0.00717911
        1159     1.15173     1.16555  0.00717293
        1160     1.15128     1.16554  0.00716676
        1161     1.15079     1.16553  0.00716059
        1162     1.15025     1.16551  0.00715444
        1163     1.14966      1.1655  0.00714831
        1164     1.14904     1.16549  0.00714218
        1165     1.14838     1.16547  0.00713606
        1166     1.14769     1.16546  0.00712996
        1167     1.14695     1.16544  0.00712387
        1168     1.14619     1.16542  0.00711779
        1169     1.14539     1.16541  0.00711172
        1170     1.14457     1.16539  0.00710566
        1171     1.14371     1.16537  0.00709962
        1172     1.14284     1.16535  0.00709359
        1173     1.14194     1.16533  0.00708757
        1174     1.14102     1.16531  0.00708156
        1175     1.14008     1.16529  0.00707557
        1176     1.13913     1.16527  0.00706958
        1177     1.13817     1.16524  0.00706362
        1178      1.1372     1.16522  0.00705766
        1179     1.13622      1.1652  0.00705172
        1180     1.13524     1.16517  0.00704579
        1181     1.13426     1.16514  0.00703987
        1182     1.13328     1.16512  0.00703396
        1183     1.13231     1.16509  0.00702807
        1184     1.13135     1.16506  0.00702219
        1185     1.13041     1.16503  0.00701633
        1186     1.12948       1.165  0.00701048
        1187     1.12857     1.16497  0.00700464
        1188     1.12769     1.16494  0.00699881
        1189     1.12683     1.16491    0.006993
        1190     1.12601     1.16487   0.0069872
        1191     1.12522     1.16484  0.00698141
        1192     1.12447     1.16481  0.00697564
        1193     1.12377     1.16477  0.00696988
        1194     1.12311     1.16474  0.00696413
        1195      1.1225      1.1647  0.00695839
        1196     1.12194     1.16467  0.00695266
        1197     1.12143     1.16463  0.00694695
        1198     1.12099     1.16459  0.00694124
        1199      1.1206     1.16456  0.00693555
        1200     1.12027     1.16452  0.00692987
        1201     1.12001     1.16448   0.0069242
        1202     1.11982     1.16445  0.00691854
        1203     1.11969     1.16441  0.00691289
        1204     1.11964     1.16437  0.00690725
        1205     1.11965     1.16433  0.00690161
        1206     1.11974      1.1643  0.00689599
        1207     1.11989     1.16426  0.00689037
        1208     1.12012     1.16422  0.00688477
        1209     1.12041     1.16419  0.00687917
        1210     1.12077     1.16415  0.00687358
        1211      1.1212     1.16412  0.00686799
        1212      1.1217     1.16408  0.00686241
        1213     1.12226     1.16405  0.00685684
        1214     1.12288     1.16401  0.00685128
        1215     1.12357     1.16398  0.00684572
        1216      1.1243     1.16395  0.00684017
        1217     1.12509     1.16392  0.00683462
        1218     1.12593     1.16388  0.00682908
        1219     1.12681     1.16385  0.00682355
        1220     1.12774     1.16382  0.00681802
        1221      1.1287      1.1638   0.0068125
        1222     1.12969     1.16377  0.00680698
        1223     1.13071     1.16374  0.00680147
        1224     1.13175     1.16371  0.00679596
        1225      1.1328     1.16369  0.00679046
        1226     1.13387     1.16367  0.00678496
        1227     1.13495     1.16364  0.00677947
        1228     1.13602     1.16362  0.00677399
        1229      1.1371      1.1636  0.00676851
        1230     1.13817     1.16358  0.00676304
        1231     1.13922     1.16356  0.00675758
        1232     1.14026     1.16354  0.00675212
        1233     1.14127     1.16352  0.00674667
        1234     1.14226      1.1635  0.00674122
        1235     1.14321     1.16349  0.00673578
        1236     1.14413     1.16347  0.00673035
        1237     1.14501     1.16346  0.00672493
        1238     1.14584     1.16344  0.00671951
        1239     1.14663     1.16343   0.0067141
        1240     1.14737     1.16342   0.0067087
        1241     1.14805      1.1634   0.0067033
        1242     1.14867     1.16339  0.00669792
        1243     1.14923     1.16338  0.00669254
        1244     1.14973     1.16337  0.00668717
        1245     1.15016     1.16336   0.0066818
        1246     1.15053     1.16335  0.00667645
        1247     1.15082     1.16334   0.0066711
        1248     1.15104     1.16333  0.00666577
        1249     1.15118     1.16332  0.00666044
        1250     1.15125     1.16331  0.00665511
        1251     1.15124      1.1633   0.0066498
        1252     1.15115     1.16329   0.0066445
        1253     1.15098     1.16328   0.0066392
        1254     1.15073     1.16327  0.00663391
        1255      1.1504     1.16326  0.00662864
        1256     1.14998     1.16325  0.00662337
        1257     1.14948     1.16324  0.00661811
        1258      1.1489     1.16323  0.00661286
        1259     1.14823     1.16321  0.00660761
        1260     1.14748      1.1632  0.00660238
        1261     1.14664     1.16319  0.00659716
        1262     1.14572     1.16317  0.00659195
        1263     1.14472     1.16316  0.00658674
        1264     1.14363     1.16314  0.00658155
        1265     1.14246     1.16313  0.00657637
        1266      1.1412     1.16311   0.0065712
        1267     1.13987     1.16309  0.00656604
        1268     1.13845     1.16307  0.00656089
        1269     1.13695     1.16305  0.00655575
        1270     1.13538     1.16303  0.00655062
        1271     1.13373     1.16301  0.00654551
        1272       1.132     1.16298  0.00654041
        1273     1.13019     1.16296  0.00653532
        1274     1.12831     1.16293  0.00653025
        1275     1.12636      1.1629  0.00652519
        1276     1.12433     1.16287  0.00652015
        1277     1.12224     1.16284  0.00651512
        1278     1.12008     1.16281  0.00651011
        1279     1.11786     1.16277  0.00650511
        1280     1.11558     1.16273  0.00650013
        1281     1.11324      1.1627  0.00649517
        1282     1.11084     1.16266  0.00649023
        1283     1.10839     1.16261  0.00648531
        1284     1.10589     1.16257  0.00648041
        1285     1.10334     1.16252  0.00647553
        1286     1.10075     1.16247  0.00647068
        1287     1.09811     1.16242  0.00646584
        1288     1.09545     1.16237  0.00646103
        1289     1.09275     1.16232  0.00645624
        1290     1.09002     1.16226  0.00645148
        1291     1.08726      1.1622  0.00644675
        1292     1.08449     1.16214  0.00644204
        1293      1.0817     1.16208  0.00643736
        1294      1.0789     1.16202   0.0064327
        1295     1.07609     1.16195  0.00642808
        1296     1.07328     1.16188  0.00642348
        1297     1.07047     1.16181  0.00641891
        1298     1.06767     1.16174  0.00641438
        1299     1.06488     1.16167  0.00640987
        1300     1.06211     1.16159   0.0064054
        1301     1.05936     1.16151  0.00640096
        1302     1.05664     1.16143  0.00639655
        1303     1.05395     1.16135  0.00639217
        1304      1.0513     1.16126  0.00638783
        1305     1.04869     1.16118  0.00638352
        1306     1.04612     1.16109  0.00637924
        1307     1.04361       1.161  0.00637499
        1308     1.04116     1.16091  0.00637077
        1309     1.03876     1.16081  0.00636659
        1310     1.03644     1.16072  0.00636244
        1311     1.03418     1.16062  0.00635832
        1312     1.03199     1.16052  0.00635423
        1313     1.02988     1.16042  0.00635016
        1314     1.02786     1.16032  0.00634613
        1315     1.02592     1.16022  0.00634213
        1316     1.02406     1.16012  0.00633816
        1317      1.0223     1.16001  0.00633421
        1318     1.02063     1.15991  0.00633028
        1319     1.01905      1.1598  0.00632638
        1320     1.01758     1.15969  0.00632251
        1321      1.0162     1.15958  0.00631866
        1322     1.01492     1.15948  0.00631482
        1323     1.01375     1.15936  0.00631101
        1324     1.01268     1.15925  0.00630722
        1325     1.01171     1.15914  0.00630344
        1326     1.01084     1.15903  0.00629968
        1327     1.01008     1.15892  0.00629593
        1328     1.00942     1.15881   0.0062922
        1329     1.00886     1.15869  0.00628847
        1330     1.00841     1.15858  0.00628476
        1331     1.00805     1.15847  0.00628106
        1332      1.0078     1.15835  0.00627736
        1333     1.00764     1.15824  0.00627367
        1334     1.00757     1.15813  0.00626998
        1335      1.0076     1.15802   0.0062663
        1336     1.00772      1.1579  0.00626262
        1337     1.00793     1.15779  0.00625894
        1338     1.00822     1.15768  0.00625526
        1339     1.00859     1.15757  0.00625158
        1340     1.00904     1.15746   0.0062479
        1341     1.00956     1.15735  0.00624421
        1342     1.01016     1.15724  0.00624052
        1343     1.01083     1.15713  0.00623683
        1344     1.01157     1.15702  0.00623313
        1345     1.01236     1.15691  0.00622942
        1346     1.01322     1.15681  0.00622571
        1347     1.01413      1.1567  0.00622198
        1348     1.01509     1.15659  0.00621826
        1349     1.01611     1.15649  0.00621452
        1350     1.01716     1.15639  0.00621077
        1351     1.01826     1.15628  0.00620702
        1352      1.0194     1.15618  0.00620325
        1353     1.02057     1.15608  0.00619948
        1354     1.02178     1.15598  0.00619569
        1355     1.02302     1.15589  0.00619189
        1356     1.02428     1.15579  0.00618809
        1357     1.02557     1.15569  0.00618427
        1358     1.02687      1.1556  0.00618045
        1359      1.0282      1.1555  0.00617661
        1360     1.02954     1.15541  0.00617276
        1361      1.0309     1.15532   0.0061689
        1362     1.03227     1.15523  0.00616504
        1363     1.03365     1.15514  0.00616116
        1364     1.03503     1.15505  0.00615727
        1365     1.03642     1.15497  0.00615337
        1366     1.03781     1.15488  0.00614947
        1367     1.03921      1.1548  0.00614555
        1368      1.0406     1.15471  0.00614163
        1369     1.04199     1.15463  0.00613769
        1370     1.04338     1.15455  0.00613375
        1371     1.04477     1.15447   0.0061298
        1372     1.04615     1.15439  0.00612584
        1373     1.04752     1.15431  0.00612187
        1374     1.04888     1.15423   0.0061179
        1375     1.05024     1.15416  0.00611391
        1376     1.05158     1.15408  0.00610992
        1377     1.05291     1.15401  0.00610593
        1378     1.05422     1.15394  0.00610193
        1379     1.05552     1.15387  0.00609792
        1380     1.05681      1.1538  0.00609391
        1381     1.05808     1.15373  0.00608989
        1382     1.05933     1.15366  0.00608586
        1383     1.06057     1.15359  0.00608184
        1384     1.06178     1.15353   0.0060778
        1385     1.06298     1.15346  0.00607377
        1386     1.06415      1.1534  0.00606973
        1387     1.06531     1.15333  0.00606568
        1388     1.06644     1.15327  0.00606164
        1389     1.06755     1.15321  0.00605759
        1390     1.06863     1.15315  0.00605353
        1391     1.06969     1.15309  0.00604948
        1392     1.07073     1.15303  0.00604542
        1393     1.07175     1.15297  0.00604136
        1394     1.07274     1.15291   0.0060373
        1395      1.0737     1.15286  0.00603324
        1396     1.07463      1.1528  0.00602918
        1397     1.07554     1.15274  0.00602512
        1398     1.07642     1.15269  0.00602106
        1399     1.07727     1.15264    0.006017
        1400      1.0781     1.15258  0.00601293
        1401     1.07889     1.15253  0.00600887
        1402     1.07966     1.15248  0.00600481
        1403      1.0804     1.15243  0.00600075
        1404     1.08111     1.15238  0.00599669
        1405     1.08179     1.15233  0.00599263
        1406     1.08244     1.15228  0.00598858
        1407     1.08306     1.15223  0.00598452
        1408     1.08365     1.15218  0.00598047
        1409     1.08421     1.15213  0.00597642
        1410     1.08474     1.15208  0.00597237
        1411     1.08524     1.15203  0.00596833
        1412     1.08571     1.15199  0.00596429
        1413     1.08616     1.15194  0.00596025
        1414     1.08657     1.15189  0.00595621
        1415     1.08696     1.15185  0.00595218
        1416     1.08732      1.1518  0.00594815
        1417     1.08765     1.15176  0.00594412
        1418     1.08795     1.15171   0.0059401
        1419     1.08822     1.15167  0.00593608
        1420     1.08847     1.15162  0.00593207
        1421     1.08869     1.15158  0.00592806
        1422     1.08888     1.15153  0.00592406
        1423     1.08905     1.15149  0.00592006
        1424     1.08919     1.15145  0.00591606
        1425      1.0893      1.1514  0.00591207
        1426     1.08939     1.15136  0.00590808
        1427     1.08946     1.15132   0.0059041
        1428      1.0895     1.15127  0.00590013
        1429     1.08951     1.15123  0.00589616
        1430      1.0895     1.15119  0.00589219
        1431     1.08947     1.15114  0.00588823
        1432     1.08942      1.1511  0.00588428
        1433     1.08934     1.15106  0.00588033
        1434     1.08923     1.15101  0.00587639
        1435     1.08911     1.15097  0.00587245
        1436     1.08896     1.15093  0.00586852
        1437     1.08878     1.15089   0.0058646
        1438     1.08858     1.15084  0.00586068
        1439     1.08836      1.1508  0.00585677
        1440     1.08812     1.15075  0.00585286
        1441     1.08786     1.15071  0.00584896
        1442     1.08757     1.15067  0.00584507
        1443     1.08725     1.15062  0.00584118
        1444     1.08692     1.15058   0.0058373
        1445     1.08656     1.15053  0.00583343
        1446     1.08618     1.15049  0.00582957
        1447     1.08577     1.15045  0.00582571
        1448     1.08534      1.1504  0.00582186
        1449     1.08488     1.15036  0.00581802
        1450     1.08441     1.15031  0.00581418
        1451     1.08391     1.15026  0.00581036
        1452     1.08338     1.15022  0.00580654
        1453     1.08283     1.15017  0.00580273
        1454     1.08225     1.15013  0.00579893
        1455     1.08165     1.15008  0.00579513
        1456     1.08103     1.15003  0.00579134
        1457     1.08038     1.14998  0.00578757
        1458     1.07971     1.14993   0.0057838
        1459     1.07901     1.14989  0.00578004
        1460     1.07829     1.14984  0.00577629
        1461     1.07755     1.14979  0.00577255
        1462     1.07678     1.14974  0.00576881
        1463     1.07599     1.14969  0.00576509
        1464     1.07518     1.14964  0.00576138
        1465     1.07434     1.14958  0.00575767
        1466     1.07349     1.14953  0.00575398
        1467     1.07261     1.14948   0.0057503
        1468     1.07171     1.14943  0.00574662
        1469      1.0708     1.14937  0.00574296
        1470     1.06987     1.14932  0.00573931
        1471     1.06892     1.14927  0.00573567
        1472     1.06796     1.14921  0.00573204
        1473     1.06698     1.14915  0.00572842
        1474     1.06598      1.1491  0.00572481
        1475     1.06497     1.14904  0.00572121
        1476     1.06396     1.14898  0.00571763
        1477     1.06293     1.14892  0.00571405
        1478     1.06189     1.14887  0.00571049
        1479     1.06085     1.14881  0.00570694
        1480     1.05979     1.14875   0.0057034
        1481     1.05874     1.14869  0.00569987
        1482     1.05768     1.14862  0.00569636
        1483     1.05661     1.14856  0.00569285
        1484     1.05555      1.1485  0.00568936
        1485     1.05449     1.14844  0.00568588
        1486     1.05342     1.14837  0.00568242
        1487     1.05236     1.14831  0.00567896
        1488     1.05131     1.14824  0.00567552
        1489     1.05026     1.14818  0.00567209
        1490     1.04922     1.14811  0.00566867
        1491     1.04819     1.14804  0.00566527
        1492     1.04717     1.14798  0.00566187
        1493     1.04616     1.14791  0.00565849
        1494     1.04516     1.14784  0.00565512
        1495     1.04418     1.14777  0.00565176
        1496     1.04321      1.1477  0.00564842
        1497     1.04226     1.14763  0.00564508
        1498     1.04133     1.14756  0.00564176
        1499     1.04042     1.14749  0.00563845
        1500     1.03952     1.14741  0.00563515
        1501     1.03865     1.14734  0.00563186
        1502     1.03781     1.14727  0.00562858
        1503     1.03699      1.1472  0.00562532
        1504     1.03619     1.14712  0.00562206
        1505     1.03543     1.14705  0.00561882
        1506     1.03469     1.14697  0.00561558
        1507     1.03398      1.1469  0.00561235
        1508      1.0333     1.14682  0.00560914
        1509     1.03266     1.14675  0.00560593
        1510     1.03205     1.14667  0.00560273
        1511     1.03148     1.14659  0.00559954
        1512     1.03094     1.14652  0.00559636
        1513     1.03044     1.14644  0.00559319
        1514     1.02998     1.14636  0.00559002
        1515     1.02956     1.14629  0.00558687
        1516     1.02918     1.14621  0.00558372
        1517     1.02884     1.14613  0.00558057
        1518     1.02855     1.14606  0.00557743
        1519     1.02831     1.14598   0.0055743
        1520     1.02811      1.1459  0.00557117
        1521     1.02796     1.14582  0.00556805
        1522     1.02785     1.14575  0.00556493
        1523      1.0278     1.14567  0.00556181
        1524      1.0278     1.14559   0.0055587
        1525     1.02784     1.14551  0.00555559
        1526     1.02794     1.14544  0.00555249
        1527      1.0281     1.14536  0.00554938
        1528      1.0283     1.14528  0.00554628
        1529     1.02856     1.14521  0.00554318
        1530     1.02887     1.14513  0.00554008
        1531     1.02924     1.14505  0.00553697
        1532     1.02966     1.14498  0.00553387
        1533     1.03013      1.1449  0.00553077
        1534     1.03066     1.14483  0.00552767
        1535     1.03124     1.14476  0.00552456
        1536     1.03187     1.14468  0.00552145
        1537     1.03255     1.14461  0.00551834
        1538     1.03329     1.14454  0.00551523
        1539     1.03407     1.14447  0.00551211
        1540      1.0349     1.14439  0.00550899
        1541     1.03578     1.14432  0.00550587
        1542      1.0367     1.14425  0.00550274
        1543     1.03767     1.14419  0.00549961
        1544     1.03868     1.14412  0.00549647
        1545     1.03973     1.14405  0.00549333
        1546     1.04081     1.14398  0.00549018
        1547     1.04193     1.14392  0.00548703
        1548     1.04308     1.14385  0.00548387
        1549     1.04427     1.14379  0.00548071
        1550     1.04548     1.14372  0.00547754
        1551     1.04671     1.14366  0.00547436
        1552     1.04797      1.1436  0.00547118
        1553     1.04924     1.14354    0.005468
        1554     1.05053     1.14348   0.0054648
        1555     1.05184     1.14342  0.00546161
        1556     1.05316     1.14336  0.00545841
        1557     1.05448      1.1433   0.0054552
        1558     1.05581     1.14325  0.00545199
        1559     1.05715     1.14319  0.00544877
        1560     1.05848     1.14314  0.00544555
        1561      1.0598     1.14309  0.00544232
        1562     1.06113     1.14303  0.00543909
        1563     1.06244     1.14298  0.00543585
        1564     1.06374     1.14293  0.00543261
        1565     1.06502     1.14288  0.00542937
        1566     1.06629     1.14283  0.00542612
        1567     1.06754     1.14278  0.00542287
        1568     1.06877     1.14274  0.00541962
        1569     1.06997     1.14269  0.00541637
        1570     1.07115     1.14265  0.00541311
        1571     1.07231      1.1426  0.00540985
        1572     1.07343     1.14256  0.00540658
        1573     1.07452     1.14251  0.00540332
        1574     1.07558     1.14247  0.00540005
        1575     1.07661     1.14243  0.00539679
        1576      1.0776     1.14239  0.00539352
        1577     1.07855     1.14235  0.00539025
        1578     1.07947     1.14231  0.00538698
        1579     1.08034     1.14227  0.00538371
        1580     1.08118     1.14223  0.00538045
        1581     1.08197     1.14219  0.00537718
        1582     1.08273     1.14215  0.00537391
        1583     1.08344     1.14212  0.00537064
        1584     1.08412     1.14208  0.00536738
        1585     1.08475     1.14204  0.00536411
        1586     1.08534     1.14201  0.00536085
        1587     1.08588     1.14197  0.00535759
        1588     1.08639     1.14194  0.00535433
        1589     1.08686      1.1419  0.00535107
        1590     1.08728     1.14187  0.00534782
        1591     1.08767     1.14183  0.00534456
        1592     1.08801      1.1418  0.00534131
        1593     1.08831     1.14177  0.00533807
        1594     1.08858     1.14173  0.00533482
        1595     1.08881      1.1417  0.00533158
        1596       1.089     1.14167  0.00532834
        1597     1.08916     1.14163  0.00532511
        1598     1.08928      1.1416  0.00532188
        1599     1.08937     1.14157  0.00531865
        1600     1.08943     1.14154  0.00531542
        1601     1.08945      1.1415   0.0053122
        1602     1.08945     1.14147  0.00530899
        1603     1.08942     1.14144  0.00530577
        1604     1.08937     1.14141  0.00530256
        1605     1.08929     1.14137  0.00529936
        1606     1.08918     1.14134  0.00529616
        1607     1.08906     1.14131  0.00529296
        1608     1.08892     1.14128  0.00528977
        1609     1.08875     1.14124  0.00528659
        1610     1.08858     1.14121   0.0052834
        1611     1.08838     1.14118  0.00528023
        1612     1.08818     1.14115  0.00527705
        1613     1.08796     1.14111  0.00527388
        1614     1.08774     1.14108  0.00527072
        1615     1.08751     1.14105  0.00526756
        1616     1.08727     1.14101  0.00526441
        1617     1.08702     1.14098  0.00526126
        1618     1.08678     1.14095  0.00525811
        1619     1.08653     1.14091  0.00525497
        1620     1.08628     1.14088  0.00525184
        1621     1.08603     1.14085  0.00524871
        1622     1.08578     1.14081  0.00524558
        1623     1.08554     1.14078  0.00524246
        1624     1.08531     1.14074  0.00523934
        1625     1.08507     1.14071  0.00523623
        1626     1.08485     1.14067  0.00523312
        1627     1.08463     1.14064  0.00523002
        1628     1.08443     1.14061  0.00522692
        1629     1.08423     1.14057  0.00522383
        1630     1.08404     1.14054  0.00522074
        1631     1.08386      1.1405  0.00521765
        1632      1.0837     1.14047  0.00521457
        1633     1.08355     1.14043  0.00521149
        1634     1.08341      1.1404  0.00520842
        1635     1.08328     1.14036  0.00520535
        1636     1.08316     1.14033  0.00520229
        1637     1.08306     1.14029  0.00519923
        1638     1.08297     1.14026  0.00519617
        1639     1.08289     1.14022  0.00519312
        1640     1.08282     1.14019  0.00519007
        1641     1.08277     1.14015  0.00518702
        1642     1.08272     1.14012  0.00518398
        1643     1.08269     1.14008  0.00518095
        1644     1.08267     1.14005  0.00517791
        1645     1.08266     1.14001  0.00517488
        1646     1.08266     1.13998  0.00517186
        1647     1.08267     1.13994  0.00516883
        1648     1.08269     1.13991  0.00516581
        1649     1.08272     1.13987   0.0051628
        1650     1.08275     1.13984  0.00515978
        1651     1.08279      1.1398  0.00515677
        1652     1.08284     1.13977  0.00515377
        1653     1.08289     1.13974  0.00515076
        1654     1.08295      1.1397  0.00514777
        1655     1.08301     1.13967  0.00514477
        1656     1.08306     1.13963  0.00514178
        1657     1.08313      1.1396  0.00513879
        1658     1.08319     1.13956   0.0051358
        1659     1.08325     1.13953  0.00513282
        1660      1.0833      1.1395  0.00512984
        1661     1.08336     1.13946  0.00512686
        1662     1.08341     1.13943  0.00512388
        1663     1.08345      1.1394  0.00512091
        1664     1.08349     1.13936  0.00511795
        1665     1.08352     1.13933  0.00511498
        1666     1.08354     1.13929  0.00511202
        1667     1.08356     1.13926  0.00510906
        1668     1.08356     1.13923  0.00510611
        1669     1.08356     1.13919  0.00510316
        1670     1.08354     1.13916  0.00510021
        1671     1.08351     1.13913  0.00509727
        1672     1.08347     1.13909  0.00509433
        1673     1.08342     1.13906  0.00509139
        1674     1.08335     1.13903  0.00508846
        1675     1.08327     1.13899  0.00508553
        1676     1.08317     1.13896  0.00508261
        1677     1.08306     1.13893  0.00507969
        1678     1.08293     1.13889  0.00507677
        1679     1.08279     1.13886  0.00507385
        1680     1.08263     1.13883  0.00507094
        1681     1.08245     1.13879  0.00506804
        1682     1.08226     1.13876  0.00506514
        1683     1.08205     1.13873  0.00506224
        1684     1.08182     1.13869  0.00505935
        1685     1.08158     1.13866  0.00505646
        1686     1.08132     1.13863  0.00505357
        1687     1.08104     1.13859  0.00505069
        1688     1.08075     1.13856  0.00504782
        1689     1.08045     1.13852  0.00504494
        1690     1.08013     1.13849  0.00504208
        1691      1.0798     1.13845  0.00503922
        1692     1.07945     1.13842  0.00503636
        1693      1.0791     1.13838   0.0050335
        1694     1.07873     1.13835  0.00503066
        1695     1.07835     1.13831  0.00502781
        1696     1.07796     1.13828  0.00502497
        1697     1.07756     1.13824  0.00502214
        1698     1.07716     1.13821  0.00501931
        1699     1.07674     1.13817  0.00501649
        1700     1.07633     1.13813  0.00501367
        1701      1.0759      1.1381  0.00501086
        1702     1.07548     1.13806  0.00500805
        1703     1.07505     1.13802  0.00500524
        1704     1.07462     1.13799  0.00500244
        1705      1.0742     1.13795  0.00499965
        1706     1.07377     1.13791  0.00499686
        1707     1.07335     1.13787  0.00499408
        1708     1.07293     1.13783   0.0049913
        1709     1.07251      1.1378  0.00498852
        1710      1.0721     1.13776  0.00498575
        1711      1.0717     1.13772  0.00498299
        1712     1.07131     1.13768  0.00498023
        1713     1.07093     1.13764  0.00497747
        1714     1.07056      1.1376  0.00497472
        1715      1.0702     1.13756  0.00497198
        1716     1.06985     1.13752  0.00496924
        1717     1.06952     1.13748   0.0049665
        1718      1.0692     1.13744  0.00496377
        1719      1.0689      1.1374  0.00496104
        1720     1.06861     1.13736  0.00495832
        1721     1.06834     1.13732   0.0049556
        1722     1.06809     1.13728  0.00495289
        1723     1.06786     1.13724  0.00495017
        1724     1.06765      1.1372  0.00494747
        1725     1.06746     1.13716  0.00494477
        1726     1.06729     1.13712  0.00494207
        1727     1.06713     1.13708  0.00493937
        1728       1.067     1.13704  0.00493668
        1729     1.06689       1.137  0.00493399
        1730      1.0668     1.13696   0.0049313
        1731     1.06673     1.13692  0.00492862
        1732     1.06668     1.13688  0.00492594
        1733     1.06665     1.13684  0.00492327
        1734     1.06665      1.1368   0.0049206
        1735     1.06666     1.13676  0.00491793
        1736     1.06669     1.13672  0.00491526
        1737     1.06675     1.13668  0.00491259
        1738     1.06682     1.13664  0.00490993
        1739     1.06691      1.1366  0.00490727
        1740     1.06702     1.13656  0.00490461
        1741     1.06715     1.13652  0.00490196
        1742      1.0673     1.13648  0.00489931
        1743     1.06746     1.13644  0.00489666
        1744     1.06764      1.1364  0.00489401
        1745     1.06783     1.13636  0.00489136
        1746     1.06803     1.13632  0.00488871
        1747     1.06825     1.13628  0.00488607
        1748     1.06849     1.13624  0.00488343
        1749     1.06873      1.1362  0.00488079
        1750     1.06898     1.13616  0.00487815
        1751     1.06925     1.13613  0.00487552
        1752     1.06952     1.13609  0.00487288
        1753      1.0698     1.13605  0.00487025
        1754     1.07009     1.13601  0.00486762
        1755     1.07038     1.13598  0.00486499
        1756     1.07068     1.13594  0.00486236
        1757     1.07098      1.1359  0.00485973
        1758     1.07129     1.13586  0.00485711
        1759      1.0716     1.13583  0.00485448
        1760     1.07191     1.13579  0.00485186
        1761     1.07222     1.13576  0.00484924
        1762     1.07253     1.13572  0.00484662
        1763     1.07284     1.13568    0.004844
        1764     1.07315     1.13565  0.00484139
        1765     1.07346     1.13561  0.00483877
        1766     1.07376     1.13558  0.00483616
        1767     1.07406     1.13554  0.00483355
        1768     1.07435     1.13551  0.00483094
        1769     1.07464     1.13547  0.00482833
        1770     1.07493     1.13544  0.00482572
        1771     1.07521     1.13541  0.00482312
        1772     1.07548     1.13537  0.00482051
        1773     1.07575     1.13534  0.00481791
        1774     1.07601     1.13531  0.00481531
        1775     1.07626     1.13527  0.00481271
        1776     1.07651     1.13524  0.00481012
        1777     1.07675     1.13521  0.00480752
        1778     1.07699     1.13517  0.00480493
        1779     1.07722     1.13514  0.00480234
        1780     1.07744     1.13511  0.00479975
        1781     1.07765     1.13508  0.00479717
        1782     1.07786     1.13504  0.00479458
        1783     1.07807     1.13501    0.004792
        1784     1.07826     1.13498  0.00478942
        1785     1.07846     1.13495  0.00478684
        1786     1.07865     1.13492  0.00478426
        1787     1.07883     1.13489  0.00478169
        1788     1.07902     1.13485  0.00477912
        1789     1.07919     1.13482  0.00477655
        1790     1.07937     1.13479  0.00477398
        1791     1.07955     1.13476  0.00477141
        1792     1.07972     1.13473  0.00476885
        1793     1.07989      1.1347  0.00476629
        1794     1.08007     1.13467  0.00476373
        1795     1.08024     1.13464  0.00476117
        1796     1.08041     1.13461  0.00475862
        1797     1.08059     1.13458  0.00475606
        1798     1.08076     1.13455  0.00475351
        1799     1.08094     1.13452  0.00475096
        1800     1.08113     1.13449  0.00474842
        1801     1.08131     1.13446  0.00474587
        1802     1.08151     1.13443  0.00474333
        1803      1.0817      1.1344  0.00474079
        1804      1.0819     1.13437  0.00473825
        1805     1.08211     1.13434  0.00473571
        1806     1.08232     1.13431  0.00473318
        1807     1.08254     1.13429  0.00473064
        1808     1.08276     1.13426  0.00472811
        1809     1.08299     1.13423  0.00472559
        1810     1.08323      1.1342  0.00472306
        1811     1.08347     1.13417  0.00472053
        1812     1.08372     1.13415  0.00471801
        1813     1.08397     1.13412  0.00471549
        1814     1.08424     1.13409  0.00471297
        1815      1.0845     1.13406  0.00471045
        1816     1.08478     1.13404  0.00470794
        1817     1.08505     1.13401  0.00470542
        1818     1.08534     1.13398  0.00470291
        1819     1.08562     1.13396   0.0047004
        1820     1.08592     1.13393  0.00469789
        1821     1.08621      1.1339  0.00469539
        1822     1.08651     1.13388  0.00469288
        1823     1.08681     1.13385  0.00469038
        1824     1.08712     1.13383  0.00468788
        1825     1.08742      1.1338  0.00468538
        1826     1.08773     1.13377  0.00468288
        1827     1.08803     1.13375  0.00468038
        1828     1.08834     1.13372  0.00467789
        1829     1.08865      1.1337  0.00467539
        1830     1.08895     1.13368   0.0046729
        1831     1.08925     1.13365  0.00467041
        1832     1.08955     1.13363  0.00466793
        1833     1.08985      1.1336  0.00466544
        1834     1.09014     1.13358  0.00466296
        1835     1.09043     1.13356  0.00466048
        1836     1.09072     1.13353    0.004658
        1837     1.09099     1.13351  0.00465552
        1838     1.09127     1.13349  0.00465304
        1839     1.09153     1.13346  0.00465057
        1840     1.09179     1.13344   0.0046481
        1841     1.09204     1.13342  0.00464563
        1842     1.09228      1.1334  0.00464316
        1843     1.09252     1.13337  0.00464069
        1844     1.09275     1.13335  0.00463823
        1845     1.09297     1.13333  0.00463576
        1846     1.09318     1.13331   0.0046333
        1847     1.09338     1.13329  0.00463085
        1848     1.09357     1.13327  0.00462839
        1849     1.09376     1.13324  0.00462594
        1850     1.09393     1.13322  0.00462348
        1851      1.0941      1.1332  0.00462103
        1852     1.09426     1.13318  0.00461859
        1853     1.09441     1.13316  0.00461614
        1854     1.09455     1.13314   0.0046137
        1855     1.09469     1.13312  0.00461126
        1856     1.09482      1.1331  0.00460882
        1857     1.09494     1.13308  0.00460638
        1858     1.09505     1.13306  0.00460395
        1859     1.09516     1.13304  0.00460152
        1860     1.09526     1.13302  0.00459909
        1861     1.09535       1.133  0.00459666
        1862     1.09544     1.13298  0.00459424
        1863     1.09553     1.13296  0.00459182
        1864     1.09561     1.13294   0.0045894
        1865     1.09568     1.13292  0.00458698
        1866     1.09576      1.1329  0.00458456
        1867     1.09583     1.13288  0.00458215
        1868     1.09589     1.13286  0.00457974
        1869     1.09596     1.13284  0.00457733
        1870     1.09603     1.13282  0.00457493
        1871     1.09609      1.1328  0.00457253
        1872     1.09615     1.13278  0.00457012
        1873     1.09622     1.13276  0.00456773
        1874     1.09628     1.13274  0.00456533
        1875     1.09635     1.13272  0.00456294
        1876     1.09641      1.1327  0.00456055
        1877     1.09648     1.13268  0.00455816
        1878     1.09655     1.13266  0.00455577
        1879     1.09662     1.13264  0.00455339
        1880     1.09669     1.13262    0.004551
        1881     1.09676      1.1326  0.00454862
        1882     1.09684     1.13258  0.00454625
        1883     1.09692     1.13257  0.00454387
        1884     1.09701     1.13255   0.0045415
        1885      1.0971     1.13253  0.00453913
        1886     1.09719     1.13251  0.00453676
        1887     1.09728     1.13249   0.0045344
        1888     1.09738     1.13247  0.00453203
        1889     1.09747     1.13245  0.00452967
        1890     1.09758     1.13244  0.00452731
        1891     1.09768     1.13242  0.00452495
        1892     1.09779      1.1324   0.0045226
        1893      1.0979     1.13238  0.00452025
        1894     1.09801     1.13236   0.0045179
        1895     1.09813     1.13234  0.00451555
        1896     1.09825     1.13233   0.0045132
        1897     1.09837     1.13231  0.00451086
        1898     1.09849     1.13229  0.00450852
        1899     1.09861     1.13227  0.00450618
        1900     1.09874     1.13225  0.00450384
        1901     1.09886     1.13224  0.00450151
        1902     1.09899     1.13222  0.00449917
        1903     1.09912      1.1322  0.00449684
        1904     1.09924     1.13219  0.00449452
        1905     1.09937     1.13217  0.00449219
        1906      1.0995     1.13215  0.00448986
        1907     1.09962     1.13213  0.00448754
        1908     1.09975     1.13212  0.00448522
        1909     1.09987      1.1321  0.00448291
        1910     1.09999     1.13208  0.00448059
        1911      1.1001     1.13207  0.00447828
        1912     1.10022     1.13205  0.00447597
        1913     1.10033     1.13203  0.00447366
        1914     1.10043     1.13202  0.00447135
        1915     1.10053       1.132  0.00446904
        1916     1.10062     1.13198  0.00446674
        1917     1.10071     1.13197  0.00446444
        1918     1.10079     1.13195  0.00446214
        1919     1.10087     1.13193  0.00445985
        1920     1.10093     1.13192  0.00445755
        1921     1.10099      1.1319  0.00445526
        1922     1.10104     1.13189  0.00445297
        1923     1.10108     1.13187  0.00445069
        1924     1.10111     1.13185   0.0044484
        1925     1.10114     1.13184  0.00444612
        1926     1.10115     1.13182  0.00444384
        1927     1.10114     1.13181  0.00444156
        1928     1.10113     1.13179  0.00443929
        1929      1.1011     1.13177  0.00443701
        1930     1.10106     1.13176  0.00443474
        1931     1.10101     1.13174  0.00443248
        1932     1.10094     1.13173  0.00443021
        1933     1.10085     1.13171  0.00442795
        1934     1.10075      1.1317  0.00442569
        1935     1.10063     1.13168  0.00442343
        1936     1.10049     1.13166  0.00442117
        1937     1.10034     1.13165  0.00441892
        1938     1.10016     1.13163  0.00441667
        1939     1.09997     1.13161  0.00441442
        1940     1.09975      1.1316  0.00441218
        1941     1.09951     1.13158  0.00440994
        1942     1.09925     1.13156   0.0044077
        1943     1.09897     1.13155  0.00440546
        1944     1.09867     1.13153  0.00440323
        1945     1.09835     1.13151    0.004401
        1946       1.098      1.1315  0.00439877
        1947     1.09762     1.13148  0.00439654
        1948     1.09722     1.13146  0.00439432
        1949      1.0968     1.13144   0.0043921
        1950     1.09635     1.13143  0.00438989
        1951     1.09588     1.13141  0.00438767
        1952     1.09538     1.13139  0.00438547
        1953     1.09486     1.13137  0.00438326
        1954     1.09431     1.13135  0.00438106
        1955     1.09373     1.13133  0.00437886
        1956     1.09314     1.13131  0.00437666
        1957     1.09251     1.13129  0.00437447
        1958     1.09186     1.13127  0.00437228
        1959     1.09119     1.13125   0.0043701
        1960      1.0905     1.13123  0.00436792
        1961     1.08978     1.13121  0.00436574
        1962     1.08905     1.13119  0.00436357
        1963     1.08829     1.13117   0.0043614
        1964     1.08751     1.13114  0.00435924
        1965     1.08672     1.13112  0.00435708
        1966     1.08591      1.1311  0.00435492
        1967     1.08508     1.13108  0.00435277
        1968     1.08424     1.13105  0.00435063
        1969     1.08339     1.13103  0.00434848
        1970     1.08252       1.131  0.00434635
        1971     1.08165     1.13098  0.00434421
        1972     1.08077     1.13095  0.00434208
        1973     1.07989     1.13093  0.00433996
        1974       1.079      1.1309  0.00433784
        1975     1.07812     1.13087  0.00433573
        1976     1.07723     1.13085  0.00433362
        1977     1.07635     1.13082  0.00433151
        1978     1.07548     1.13079  0.00432942
        1979     1.07461     1.13076  0.00432732
        1980     1.07376     1.13073  0.00432523
        1981     1.07292      1.1307  0.00432315
        1982      1.0721     1.13068  0.00432107
        1983      1.0713     1.13065  0.00431899
        1984     1.07052     1.13062  0.00431692
        1985     1.06976     1.13058  0.00431485
        1986     1.06904     1.13055  0.00431279
        1987     1.06834     1.13052  0.00431074
        1988     1.06768     1.13049  0.00430868
        1989     1.06705     1.13046  0.00430664
        1990     1.06646     1.13043  0.00430459
        1991     1.06591     1.13039  0.00430255
        1992     1.06541     1.13036  0.00430051
        1993     1.06496     1.13033  0.00429848
        1994     1.06455      1.1303  0.00429645
        1995     1.06419     1.13026  0.00429443
        1996     1.06388     1.13023   0.0042924
        1997     1.06363      1.1302  0.00429038
        1998     1.06344     1.13016  0.00428837
        1999     1.06331     1.13013  0.00428635
        2000     1.06323      1.1301  0.00428434
