           1        1.56        1.56           0
           2     1.55985     1.55992  5.3163e-05
           3      1.5594     1.55975 0.000147477
           4     1.55865     1.55947 0.000262844
           5      1.5576      1.5591 0.000396007
           6     1.55625     1.55862 0.000544824
           7      1.5546     1.55805 0.000707764
           8     1.55266     1.55738 0.000883663
           9     1.55042      1.5566  0.00107159
          10     1.54788     1.55573  0.00127074
          11     1.54505     1.55476  0.00148046
          12     1.54192     1.55369  0.00170019
          13      1.5385     1.55252  0.00192939
          14      1.5348     1.55126  0.00216758
          15      1.5308     1.54989  0.00241433
          16     1.52651     1.54843  0.00266929
          17     1.52194     1.54687  0.00293209
          18     1.51708     1.54522  0.00320238
          19     1.51194     1.54347  0.00347993
          20     1.50652     1.54162  0.00376452
          21     1.50081     1.53967  0.00405596
          22     1.49482     1.53764  0.00435402
          23     1.48855      1.5355  0.00465851
          24       1.482     1.53327  0.00496927
          25     1.47517     1.53095  0.00528614
          26     1.46806     1.52853    0.005609
          27     1.46067     1.52602  0.00593772
          28       1.453     1.52341  0.00627215
          29     1.44506     1.52071  0.00661215
          30     1.43685     1.51791  0.00695758
          31     1.42836     1.51502  0.00730831
          32      1.4196     1.51204  0.00766421
          33     1.41057     1.50897  0.00802511
          34     1.40127      1.5058   0.0083909
          35     1.39171     1.50254  0.00876143
          36     1.38189     1.49919  0.00913657
          37     1.37181     1.49574  0.00951618
          38     1.36147     1.49221  0.00990012
          39     1.35087     1.48859   0.0102882
          40     1.34003     1.48487   0.0106803
          41     1.32895     1.48107   0.0110762
          42     1.31762     1.47718   0.0114759
          43     1.30605      1.4732    0.011879
          44     1.29426     1.46913   0.0122854
          45     1.28223     1.46498   0.0126951
          46     1.26998     1.46074   0.0131078
          47     1.25752     1.45642   0.0135232
          48     1.24484     1.45201   0.0139414
          49     1.23196     1.44752   0.0143619
          50     1.21888     1.44294   0.0147848
          51      1.2056     1.43829   0.0152097
          52     1.19214     1.43356   0.0156365
          53     1.17851     1.42874   0.0160649
          54      1.1647     1.42385   0.0164948
          55     1.15073     1.41889   0.0169259
          56     1.13661     1.41385    0.017358
          57     1.12234     1.40873   0.0177909
          58     1.10794     1.40355   0.0182244
          59     1.09341     1.39829   0.0186582
          60     1.07877     1.39297   0.0190921
          61     1.06402     1.38757   0.0195258
          62     1.04918     1.38212   0.0199592
          63     1.03425     1.37659   0.0203918
          64     1.01925     1.37101   0.0208236
          65     1.00418     1.36537   0.0212542
          66    0.989075     1.35967   0.0216834
          67    0.973928     1.35391   0.0221109
          68    0.958756      1.3481   0.0225364
          69    0.943574     1.34223   0.0229597
          70    0.928392     1.33632   0.0233805
          71    0.913226     1.33036   0.0237985
          72    0.898087     1.32436   0.0242134
          73     0.88299     1.31831    0.024625
          74    0.867948     1.31223    0.025033
          75    0.852975      1.3061   0.0254372
          76    0.838085     1.29995   0.0258371
          77    0.823291     1.29376   0.0262327
          78    0.808607     1.28754   0.0266235
          79    0.794049     1.28129   0.0270094
          80     0.77963     1.27502     0.02739
          81    0.765362     1.26873   0.0277652
          82    0.751261     1.26242   0.0281346
          83    0.737338     1.25609    0.028498
          84    0.723609     1.24975   0.0288551
          85    0.710085      1.2434   0.0292058
          86    0.696779     1.23704   0.0295498
          87    0.683704     1.23068   0.0298867
          88    0.670871     1.22432   0.0302166
          89    0.658294     1.21796    0.030539
          90    0.645981     1.21161   0.0308539
          91    0.633946     1.20526    0.031161
          92    0.622197     1.19892   0.0314602
          93    0.610746      1.1926   0.0317513
          94    0.599601     1.18629   0.0320341
          95    0.588771        1.18   0.0323084
          96    0.578264     1.17373   0.0325742
          97    0.568089     1.16749   0.0328314
          98    0.558251     1.16127   0.0330797
          99    0.548757     1.15508   0.0333191
         100    0.539612     1.14893   0.0335496
         101    0.530823     1.14281   0.0337709
         102    0.522393     1.13673   0.0339832
         103    0.514326     1.13068   0.0341863
         104    0.506624     1.12468   0.0343802
         105    0.499291     1.11873   0.0345648
         106    0.492328     1.11282   0.0347402
         107    0.485735     1.10696   0.0349064
         108    0.479513     1.10115   0.0350633
         109    0.473663     1.09539    0.035211
         110    0.468181     1.08969   0.0353496
         111    0.463069     1.08404    0.035479
         112    0.458322     1.07846   0.0355994
         113    0.453939     1.07293   0.0357108
         114    0.449916     1.06747   0.0358133
         115     0.44625     1.06206   0.0359069
         116    0.442937     1.05673   0.0359919
         117    0.439971     1.05145   0.0360682
         118    0.437347     1.04625   0.0361361
         119    0.435059     1.04111   0.0361956
         120    0.433101     1.03605   0.0362468
         121    0.431467     1.03105     0.03629
         122     0.43015     1.02613   0.0363253
         123    0.429142     1.02127   0.0363527
         124    0.428437     1.01649   0.0363726
         125    0.428026     1.01178    0.036385
         126    0.427901     1.00715   0.0363901
         127    0.428055     1.00259   0.0363882
         128    0.428478    0.998105   0.0363793
         129    0.429162    0.993694   0.0363636
         130    0.430098    0.989359   0.0363414
         131    0.431278    0.985099   0.0363128
         132    0.432692    0.980914   0.0362781
         133    0.434331    0.976804   0.0362373
         134    0.436187     0.97277   0.0361908
         135     0.43825     0.96881   0.0361387
         136    0.440511    0.964926   0.0360811
         137     0.44296    0.961116   0.0360183
         138     0.44559     0.95738   0.0359505
         139    0.448389    0.953718   0.0358779
         140    0.451351     0.95013   0.0358006
         141    0.454465    0.946615   0.0357189
         142    0.457725    0.943172   0.0356329
         143    0.461119    0.939801   0.0355428
         144    0.464641    0.936501   0.0354488
         145    0.468281    0.933272   0.0353511
         146    0.472032    0.930113   0.0352499
         147    0.475886    0.927023   0.0351452
         148    0.479833    0.924001   0.0350374
         149    0.483867    0.921047   0.0349266
         150     0.48798     0.91816   0.0348128
         151    0.492164    0.915339   0.0346964
         152    0.496414    0.912583   0.0345774
         153     0.50072    0.909891   0.0344561
         154    0.505077    0.907262   0.0343325
         155    0.509478    0.904696   0.0342067
         156    0.513917    0.902191   0.0340791
         157    0.518387    0.899746   0.0339496
         158    0.522883    0.897361   0.0338184
         159    0.527399    0.895034   0.0336856
         160    0.531929    0.892765   0.0335515
         161    0.536468    0.890552    0.033416
         162    0.541011    0.888394   0.0332793
         163    0.545553    0.886291   0.0331415
         164    0.550089    0.884241   0.0330028
         165    0.554615    0.882243   0.0328632
         166    0.559126    0.880297   0.0327228
         167     0.56362      0.8784   0.0325817
         168    0.568091    0.876553   0.0324401
         169    0.572537    0.874754    0.032298
         170    0.576953    0.873003   0.0321555
         171    0.581337    0.871297   0.0320126
         172    0.585685    0.869636   0.0318696
         173    0.589993     0.86802   0.0317263
         174     0.59426    0.866447    0.031583
         175    0.598482    0.864915   0.0314396
         176    0.602657    0.863425   0.0312962
         177    0.606783    0.861975    0.031153
         178    0.610856    0.860565   0.0310099
         179    0.614876    0.859192    0.030867
         180    0.618839    0.857857   0.0307244
         181    0.622745    0.856558   0.0305821
         182    0.626591    0.855294   0.0304402
         183    0.630375    0.854065   0.0302986
         184    0.634096     0.85287   0.0301575
         185    0.637753    0.851707   0.0300169
         186    0.641343    0.850576   0.0298769
         187    0.644865    0.849476   0.0297373
         188    0.648317    0.848406   0.0295984
         189    0.651699    0.847365   0.0294601
         190    0.655009    0.846353   0.0293224
         191    0.658247    0.845368   0.0291854
         192    0.661411     0.84441   0.0290492
         193    0.664499    0.843478   0.0289136
         194    0.667511    0.842571   0.0287788
         195    0.670444    0.841688   0.0286447
         196    0.673298    0.840829   0.0285115
         197    0.676072    0.839992    0.028379
         198    0.678765    0.839178   0.0282474
         199    0.681376    0.838385   0.0281165
         200    0.683904    0.837613   0.0279866
         201    0.686347     0.83686   0.0278574
         202    0.688707    0.836127   0.0277292
         203    0.690981    0.835412   0.0276018
         204    0.693168    0.834714   0.0274753
         205    0.695268    0.834034   0.0273497
         206    0.697281     0.83337    0.027225
         207    0.699206    0.832722   0.0271012
         208    0.701043    0.832089   0.0269783
         209     0.70279    0.831471   0.0268563
         210    0.704448    0.830866   0.0267352
         211    0.706015    0.830274   0.0266151
         212    0.707491    0.829695   0.0264958
         213    0.708877    0.829128   0.0263775
         214    0.710171    0.828572   0.0262601
         215    0.711374    0.828027   0.0261436
         216    0.712485    0.827492    0.026028
         217    0.713505    0.826966   0.0259134
         218    0.714434     0.82645   0.0257997
         219    0.715273    0.825943   0.0256869
         220    0.716021    0.825443    0.025575
         221    0.716681    0.824951    0.025464
         222    0.717252    0.824466   0.0253539
         223    0.717735    0.823987   0.0252447
         224    0.718131    0.823514   0.0251364
         225     0.71844    0.823047   0.0250291
         226    0.718665    0.822586   0.0249226
         227    0.718804    0.822128    0.024817
         228     0.71886    0.821675   0.0247123
         229    0.718835    0.821226   0.0246084
         230    0.718731    0.820781   0.0245055
         231    0.718548    0.820338   0.0244034
         232    0.718289    0.819898   0.0243021
         233    0.717956    0.819461   0.0242018
         234    0.717552    0.819025   0.0241023
         235    0.717079    0.818591   0.0240036
         236    0.716538    0.818159   0.0239058
         237    0.715934    0.817728   0.0238088
         238    0.715268    0.817297   0.0237127
         239    0.714543    0.816867   0.0236174
         240    0.713763    0.816438   0.0235229
         241     0.71293    0.816008   0.0234292
         242    0.712047    0.815579   0.0233363
         243    0.711118    0.815149   0.0232442
         244    0.710147    0.814718   0.0231529
         245    0.709135    0.814287   0.0230625
         246    0.708088    0.813856   0.0229727
         247     0.70701    0.813423   0.0228838
         248    0.705904     0.81299   0.0227956
         249    0.704774    0.812555   0.0227082
         250    0.703623    0.812119   0.0226216
         251    0.702454    0.811682   0.0225357
         252    0.701272    0.811244   0.0224505
         253    0.700081    0.810805   0.0223661
         254    0.698883    0.810364   0.0222824
         255    0.697684    0.809922   0.0221994
         256    0.696486    0.809479   0.0221171
         257    0.695295    0.809035   0.0220355
         258    0.694113    0.808589   0.0219546
         259    0.692945    0.808143   0.0218743
         260    0.691794    0.807695   0.0217948
         261    0.690662    0.807247   0.0217159
         262    0.689552    0.806798   0.0216376
         263     0.68847    0.806348     0.02156
         264    0.687418    0.805897   0.0214831
         265    0.686399    0.805446   0.0214068
         266    0.685417    0.804995    0.021331
         267    0.684474    0.804544   0.0212559
         268    0.683574    0.804092   0.0211814
         269    0.682717    0.803641   0.0211075
         270    0.681908     0.80319   0.0210341
         271    0.681148     0.80274   0.0209613
         272    0.680439     0.80229   0.0208891
         273    0.679785    0.801842   0.0208174
         274    0.679186    0.801394   0.0207462
         275    0.678645    0.800948   0.0206756
         276    0.678164    0.800503   0.0206054
         277    0.677745     0.80006   0.0205358
         278    0.677388    0.799618   0.0204667
         279    0.677095    0.799179    0.020398
         280    0.676867    0.798742   0.0203299
         281    0.676702    0.798308   0.0202622
         282    0.676604    0.797877   0.0201949
         283    0.676572    0.797448   0.0201281
         284    0.676606    0.797022   0.0200617
         285    0.676707      0.7966   0.0199958
         286    0.676875    0.796182   0.0199302
         287    0.677109    0.795767   0.0198651
         288    0.677411    0.795356   0.0198004
         289     0.67778    0.794949    0.019736
         290    0.678216    0.794546   0.0196721
         291    0.678717    0.794148   0.0196085
         292    0.679283    0.793755   0.0195453
         293    0.679914    0.793366   0.0194825
         294     0.68061    0.792983     0.01942
         295    0.681369    0.792605   0.0193578
         296    0.682191    0.792232    0.019296
         297    0.683074    0.791864   0.0192345
         298    0.684017    0.791502   0.0191734
         299    0.685018    0.791146   0.0191126
         300    0.686076    0.790796   0.0190521
         301    0.687188    0.790452   0.0189919
         302    0.688354    0.790113    0.018932
         303    0.689572    0.789782   0.0188724
         304     0.69084    0.789456   0.0188132
         305    0.692156    0.789137   0.0187542
         306    0.693521    0.788825   0.0186955
         307     0.69493    0.788519   0.0186371
         308    0.696382     0.78822    0.018579
         309    0.697875    0.787927   0.0185212
         310    0.699407    0.787642   0.0184636
         311    0.700976    0.787363   0.0184064
         312     0.70258    0.787091   0.0183494
         313    0.704217    0.786827   0.0182927
         314    0.705885    0.786569   0.0182362
         315    0.707583    0.786318   0.0181801
         316    0.709307    0.786074   0.0181242
         317    0.711055    0.785838   0.0180685
         318    0.712824    0.785608   0.0180132
         319    0.714613    0.785386   0.0179581
         320    0.716418     0.78517   0.0179032
         321    0.718238    0.784962   0.0178487
         322     0.72007     0.78476   0.0177944
         323    0.721911    0.784565   0.0177404
         324     0.72376    0.784378   0.0176866
         325    0.725614    0.784197   0.0176331
         326    0.727469    0.784023   0.0175799
         327    0.729324    0.783856   0.0175269
         328    0.731176    0.783695   0.0174742
         329    0.733022    0.783541   0.0174218
         330     0.73486    0.783393   0.0173696
         331    0.736688    0.783252   0.0173177
         332    0.738501    0.783118   0.0172661
         333      0.7403    0.782989   0.0172147
         334    0.742081    0.782867   0.0171636
         335    0.743841     0.78275   0.0171128
         336    0.745577    0.782639   0.0170622
         337    0.747286    0.782534   0.0170119
         338    0.748965    0.782435   0.0169618
         339    0.750612    0.782341   0.0169121
         340    0.752224    0.782253   0.0168626
         341      0.7538    0.782169   0.0168133
         342    0.755336    0.782091   0.0167643
         343    0.756831    0.782017   0.0167156
         344    0.758282    0.781948   0.0166672
         345    0.759688    0.781884    0.016619
         346    0.761045    0.781823   0.0165711
         347    0.762351    0.781767   0.0165234
         348    0.763604    0.781715    0.016476
         349    0.764802    0.781667   0.0164289
         350    0.765945    0.781622    0.016382
         351     0.76703     0.78158   0.0163354
         352    0.768056    0.781542    0.016289
         353    0.769023    0.781506   0.0162429
         354    0.769929    0.781474    0.016197
         355    0.770776    0.781443   0.0161514
         356     0.77156    0.781416   0.0161061
         357    0.772282     0.78139    0.016061
         358    0.772942    0.781366   0.0160162
         359    0.773539    0.781345   0.0159716
         360    0.774076    0.781324   0.0159272
         361    0.774551    0.781306   0.0158831
         362    0.774966    0.781288   0.0158392
         363    0.775324    0.781272   0.0157956
         364    0.775625    0.781256   0.0157522
         365    0.775872    0.781242   0.0157091
         366    0.776065    0.781227   0.0156662
         367    0.776207    0.781214   0.0156235
         368      0.7763      0.7812    0.015581
         369    0.776347    0.781187   0.0155388
         370    0.776352    0.781174   0.0154968
         371    0.776317    0.781161   0.0154551
         372    0.776247    0.781148   0.0154135
         373    0.776145    0.781134   0.0153722
         374    0.776013    0.781121   0.0153311
         375    0.775858    0.781107   0.0152902
         376    0.775683    0.781092   0.0152496
         377    0.775493    0.781077   0.0152091
         378    0.775292    0.781062   0.0151689
         379    0.775084    0.781046   0.0151289
         380    0.774875     0.78103   0.0150891
         381     0.77467    0.781013   0.0150495
         382    0.774473    0.780996   0.0150101
         383    0.774289    0.780979   0.0149709
         384    0.774122    0.780961   0.0149319
         385    0.773979    0.780943   0.0148932
         386    0.773863    0.780924   0.0148546
         387    0.773779    0.780906   0.0148162
         388    0.773732    0.780887    0.014778
         389    0.773727    0.780869   0.0147401
         390    0.773768    0.780851   0.0147023
         391    0.773858    0.780833   0.0146647
         392    0.774001    0.780816   0.0146273
         393      0.7742    0.780799   0.0145901
         394     0.77446    0.780783   0.0145531
         395    0.774782    0.780767   0.0145162
         396    0.775169    0.780753   0.0144796
         397    0.775624     0.78074   0.0144431
         398    0.776146    0.780729   0.0144068
         399    0.776737    0.780719   0.0143707
         400      0.7774    0.780711   0.0143348
         401    0.778134    0.780704    0.014299
         402    0.778939      0.7807   0.0142635
         403    0.779816    0.780698   0.0142281
         404    0.780764    0.780698   0.0141929
         405    0.781781      0.7807   0.0141578
         406    0.782864    0.780706    0.014123
         407    0.784014    0.780714   0.0140883
         408    0.785227    0.780725   0.0140537
         409    0.786502    0.780739   0.0140194
         410    0.787836    0.780756   0.0139852
         411    0.789227    0.780777   0.0139512
         412    0.790669    0.780801   0.0139173
         413     0.79216    0.780828   0.0138837
         414    0.793697     0.78086   0.0138502
         415    0.795275    0.780894   0.0138168
         416    0.796891    0.780933   0.0137837
         417    0.798542    0.780975   0.0137507
         418    0.800223    0.781021   0.0137179
         419     0.80193    0.781071   0.0136852
         420    0.803659    0.781125   0.0136527
         421    0.805406    0.781182   0.0136204
         422    0.807166    0.781244   0.0135883
         423    0.808936    0.781309   0.0135563
         424    0.810712    0.781379   0.0135245
         425     0.81249    0.781452   0.0134929
         426    0.814268    0.781529   0.0134615
         427    0.816039     0.78161   0.0134302
         428    0.817803    0.781694   0.0133991
         429    0.819555    0.781783   0.0133681
         430    0.821292    0.781874   0.0133373
         431    0.823011     0.78197   0.0133067
         432     0.82471    0.782069   0.0132763
         433    0.826386    0.782171    0.013246
         434    0.828037    0.782277   0.0132159
         435    0.829658    0.782386    0.013186
         436     0.83125    0.782498   0.0131562
         437     0.83281    0.782613   0.0131266
         438    0.834337    0.782731   0.0130972
         439    0.835829    0.782852   0.0130679
         440    0.837282    0.782976   0.0130388
         441    0.838697    0.783102   0.0130099
         442    0.840073    0.783231   0.0129811
         443    0.841407    0.783362   0.0129524
         444    0.842699    0.783496   0.0129239
         445    0.843947    0.783632   0.0128956
         446    0.845151     0.78377   0.0128674
         447    0.846311     0.78391   0.0128394
         448    0.847426    0.784051   0.0128115
         449    0.848495    0.784195   0.0127838
         450    0.849518     0.78434   0.0127562
         451    0.850495    0.784487   0.0127288
         452    0.851424    0.784635   0.0127015
         453    0.852305    0.784784   0.0126743
         454    0.853138    0.784935   0.0126473
         455    0.853924    0.785086   0.0126204
         456    0.854661    0.785239   0.0125937
         457     0.85535    0.785392    0.012567
         458    0.855989    0.785547   0.0125405
         459    0.856581    0.785701   0.0125142
         460    0.857123    0.785857   0.0124879
         461    0.857617    0.786012   0.0124618
         462    0.858063    0.786168   0.0124358
         463     0.85846    0.786324   0.0124099
         464     0.85881    0.786481   0.0123842
         465     0.85911    0.786637   0.0123585
         466    0.859361    0.786793    0.012333
         467    0.859563    0.786949   0.0123076
         468    0.859717    0.787104   0.0122822
         469    0.859822    0.787259    0.012257
         470    0.859879    0.787414   0.0122319
         471    0.859888    0.787568   0.0122069
         472    0.859848    0.787721    0.012182
         473    0.859762    0.787873   0.0121572
         474    0.859628    0.788024   0.0121325
         475    0.859448    0.788175   0.0121079
         476    0.859222    0.788324   0.0120834
         477    0.858951    0.788472    0.012059
         478    0.858633    0.788619   0.0120346
         479    0.858269    0.788764   0.0120104
         480    0.857861    0.788908   0.0119862
         481    0.857408    0.789051   0.0119622
         482    0.856911    0.789191   0.0119382
         483    0.856371    0.789331   0.0119143
         484    0.855789    0.789468   0.0118904
         485    0.855165    0.789603   0.0118667
         486    0.854501    0.789737    0.011843
         487    0.853797    0.789868   0.0118194
         488    0.853055    0.789998   0.0117959
         489    0.852277    0.790125   0.0117725
         490    0.851462     0.79025   0.0117491
         491    0.850614    0.790373   0.0117258
         492    0.849733    0.790494   0.0117026
         493    0.848821    0.790612   0.0116795
         494    0.847882    0.790728   0.0116564
         495    0.846915    0.790842   0.0116334
         496    0.845924    0.790953   0.0116105
         497     0.84491    0.791061   0.0115877
         498    0.843876    0.791167   0.0115649
         499    0.842825    0.791271   0.0115422
         500    0.841757    0.791372   0.0115195
         501    0.840676     0.79147   0.0114969
         502    0.839584    0.791566   0.0114744
         503    0.838483    0.791659    0.011452
         504    0.837377     0.79175   0.0114296
         505    0.836268    0.791838   0.0114073
         506    0.835159    0.791924   0.0113851
         507    0.834054    0.792007    0.011363
         508    0.832957    0.792088   0.0113409
         509    0.831869    0.792166   0.0113189
         510    0.830794    0.792242   0.0112969
         511    0.829734    0.792315   0.0112751
         512    0.828694    0.792386   0.0112533
         513    0.827675    0.792455   0.0112315
         514    0.826681    0.792521   0.0112099
         515    0.825715    0.792586   0.0111883
         516    0.824781    0.792648   0.0111668
         517     0.82388    0.792709   0.0111454
         518    0.823017    0.792767    0.011124
         519    0.822194    0.792824   0.0111027
         520    0.821414    0.792879   0.0110815
         521     0.82068    0.792932   0.0110604
         522    0.819994    0.792984   0.0110393
         523    0.819359    0.793034   0.0110183
         524    0.818777    0.793084   0.0109974
         525    0.818249    0.793131   0.0109765
         526    0.817778    0.793178   0.0109558
         527    0.817367    0.793224   0.0109351
         528    0.817017    0.793269   0.0109145
         529     0.81673    0.793314   0.0108939
         530    0.816509    0.793357   0.0108735
         531    0.816353    0.793401   0.0108531
         532    0.816265    0.793444   0.0108327
         533    0.816244    0.793486   0.0108125
         534    0.816293    0.793529   0.0107923
         535    0.816412    0.793572   0.0107723
         536    0.816601    0.793615   0.0107522
         537    0.816861    0.793658   0.0107323
         538    0.817192    0.793702   0.0107124
         539    0.817594    0.793746   0.0106927
         540    0.818067    0.793791    0.010673
         541    0.818609    0.793837   0.0106533
         542    0.819222    0.793884   0.0106338
         543    0.819905    0.793932   0.0106143
         544    0.820655    0.793981   0.0105949
         545    0.821472    0.794032   0.0105756
         546    0.822355    0.794083   0.0105563
         547    0.823303    0.794137   0.0105372
         548    0.824314    0.794192   0.0105181
         549    0.825385    0.794249   0.0104991
         550    0.826515    0.794307   0.0104802
         551    0.827702    0.794368   0.0104613
         552    0.828945    0.794431   0.0104426
         553    0.830241    0.794495   0.0104239
         554    0.831589    0.794562   0.0104053
         555    0.832986    0.794632   0.0103868
         556    0.834429    0.794703   0.0103683
         557    0.835916    0.794777     0.01035
         558    0.837443    0.794854   0.0103317
         559    0.839009    0.794933   0.0103135
         560    0.840611    0.795014   0.0102954
         561    0.842245    0.795098   0.0102774
         562    0.843909    0.795185   0.0102595
         563      0.8456    0.795275   0.0102417
         564    0.847315    0.795367   0.0102239
         565    0.849052    0.795462   0.0102063
         566    0.850807     0.79556   0.0101887
         567    0.852578     0.79566   0.0101712
         568    0.854363    0.795764   0.0101538
         569    0.856159     0.79587   0.0101366
         570    0.857963    0.795979   0.0101194
         571    0.859773    0.796091   0.0101023
         572    0.861585    0.796205   0.0100852
         573    0.863397    0.796322   0.0100683
         574    0.865207    0.796442   0.0100515
         575    0.867013    0.796565   0.0100348
         576    0.868813     0.79669   0.0100181
         577    0.870602    0.796819   0.0100016
         578     0.87238    0.796949  0.00998514
         579    0.874144    0.797083  0.00996878
         580    0.875893    0.797218  0.00995252
         581    0.877626    0.797357  0.00993635
         582     0.87934    0.797498  0.00992028
         583    0.881035    0.797641   0.0099043
         584    0.882708    0.797787  0.00988841
         585    0.884357    0.797935  0.00987261
         586     0.88598    0.798085  0.00985691
         587    0.887576    0.798237  0.00984129
         588    0.889144    0.798392  0.00982577
         589    0.890684    0.798549  0.00981034
         590    0.892195    0.798707  0.00979499
         591    0.893675    0.798868  0.00977974
         592    0.895123    0.799031  0.00976457
         593    0.896539    0.799195  0.00974949
         594    0.897921    0.799361  0.00973449
         595     0.89927    0.799529  0.00971958
         596    0.900584    0.799699  0.00970475
         597    0.901862     0.79987     0.00969
         598    0.903105    0.800043  0.00967534
         599    0.904311    0.800217  0.00966075
         600    0.905481    0.800392  0.00964624
         601    0.906614    0.800569  0.00963181
         602    0.907711    0.800747  0.00961745
         603    0.908773    0.800926  0.00960317
         604    0.909798    0.801106  0.00958897
         605    0.910786    0.801287  0.00957483
         606    0.911736     0.80147  0.00956076
         607    0.912651    0.801653  0.00954677
         608     0.91353    0.801837  0.00953284
         609    0.914373    0.802022  0.00951898
         610    0.915181    0.802207  0.00950518
         611    0.915955    0.802393  0.00949145
         612    0.916692     0.80258  0.00947777
         613    0.917394    0.802767  0.00946416
         614    0.918061    0.802955  0.00945061
         615    0.918693    0.803143  0.00943712
         616    0.919292    0.803332  0.00942368
         617    0.919856    0.803521   0.0094103
         618    0.920388     0.80371  0.00939697
         619    0.920885    0.803899   0.0093837
         620    0.921349    0.804089  0.00937048
         621     0.92178    0.804278   0.0093573
         622    0.922178    0.804468  0.00934418
         623    0.922542    0.804657   0.0093311
         624    0.922873    0.804847  0.00931807
         625    0.923171    0.805036  0.00930509
         626    0.923436    0.805225  0.00929214
         627    0.923668    0.805414  0.00927924
         628    0.923867    0.805603  0.00926638
         629    0.924035    0.805791  0.00925356
         630    0.924169    0.805979  0.00924078
         631    0.924272    0.806166  0.00922804
         632    0.924343    0.806353  0.00921533
         633    0.924381     0.80654  0.00920266
         634    0.924386    0.806726  0.00919002
         635    0.924359    0.806911  0.00917742
         636    0.924299    0.807095  0.00916484
         637    0.924207    0.807279   0.0091523
         638    0.924082    0.807462  0.00913979
         639    0.923925    0.807645   0.0091273
         640    0.923736    0.807826  0.00911484
         641    0.923513    0.808007  0.00910241
         642    0.923258    0.808186     0.00909
         643    0.922971    0.808365  0.00907762
         644    0.922651    0.808542  0.00906525
         645    0.922297    0.808718  0.00905291
         646     0.92191    0.808894   0.0090406
         647    0.921489    0.809068   0.0090283
         648    0.921033     0.80924  0.00901602
         649    0.920542    0.809412  0.00900376
         650    0.920018    0.809582  0.00899151
         651    0.919458    0.809751  0.00897929
         652    0.918864    0.809918  0.00896707
         653    0.918234    0.810084  0.00895488
         654    0.917571    0.810248  0.00894269
         655    0.916872    0.810411  0.00893052
         656    0.916139    0.810572  0.00891836
         657     0.91537    0.810732  0.00890621
         658    0.914566     0.81089  0.00889407
         659    0.913727    0.811046  0.00888195
         660    0.912853      0.8112  0.00886983
         661    0.911943    0.811352  0.00885772
         662    0.910998    0.811503  0.00884562
         663    0.910018    0.811652  0.00883352
         664    0.909004    0.811798  0.00882144
         665    0.907955    0.811943  0.00880936
         666    0.906873    0.812085  0.00879728
         667    0.905758    0.812226  0.00878521
         668    0.904609    0.812364  0.00877315
         669    0.903428      0.8125  0.00876109
         670    0.902216    0.812634  0.00874904
         671    0.900974    0.812766  0.00873699
         672    0.899702    0.812895  0.00872495
         673    0.898401    0.813022  0.00871291
         674    0.897073    0.813147  0.00870087
         675     0.89572    0.813269  0.00868884
         676    0.894342    0.813389  0.00867682
         677    0.892941    0.813507   0.0086648
         678    0.891517    0.813622  0.00865278
         679    0.890073    0.813734  0.00864077
         680    0.888609    0.813844  0.00862877
         681    0.887127    0.813952  0.00861677
         682    0.885628    0.814057  0.00860477
         683    0.884114     0.81416  0.00859278
         684    0.882587     0.81426   0.0085808
         685    0.881049    0.814357  0.00856883
         686    0.879503    0.814452  0.00855687
         687    0.877951    0.814545  0.00854491
         688    0.876393    0.814634  0.00853296
         689    0.874833    0.814722  0.00852103
         690    0.873272    0.814807   0.0085091
         691    0.871712    0.814889  0.00849718
         692    0.870155    0.814969  0.00848528
         693    0.868603    0.815046  0.00847339
         694    0.867056    0.815121  0.00846151
         695    0.865519    0.815194  0.00844965
         696    0.863991    0.815264   0.0084378
         697    0.862476    0.815332  0.00842596
         698    0.860976    0.815397  0.00841415
         699    0.859491     0.81546  0.00840234
         700    0.858023    0.815521  0.00839056
         701    0.856573    0.815579   0.0083788
         702    0.855143    0.815636  0.00836705
         703    0.853733     0.81569  0.00835532
         704    0.852344    0.815742  0.00834362
         705    0.850978    0.815792  0.00833193
         706    0.849635     0.81584  0.00832027
         707    0.848317    0.815886  0.00830863
         708    0.847024     0.81593  0.00829701
         709    0.845757    0.815972  0.00828541
         710    0.844515    0.816012  0.00827384
         711      0.8433    0.816051  0.00826229
         712    0.842111    0.816087  0.00825077
         713    0.840947    0.816122  0.00823927
         714    0.839809    0.816155   0.0082278
         715    0.838695    0.816187  0.00821635
         716    0.837604    0.816217  0.00820493
         717    0.836538    0.816245  0.00819354
         718    0.835494    0.816272  0.00818217
         719    0.834473    0.816297  0.00817083
         720    0.833473    0.816321  0.00815951
         721    0.832493    0.816343  0.00814823
         722    0.831532    0.816364  0.00813697
         723     0.83059    0.816384  0.00812574
         724    0.829664    0.816402  0.00811454
         725    0.828753    0.816419  0.00810336
         726    0.827857    0.816435  0.00809221
         727    0.826974     0.81645   0.0080811
         728    0.826101    0.816463  0.00807001
         729    0.825236    0.816475  0.00805895
         730     0.82438    0.816486  0.00804791
         731     0.82353    0.816495  0.00803691
         732    0.822683    0.816504  0.00802593
         733    0.821839    0.816511  0.00801499
         734    0.820995    0.816517  0.00800407
         735    0.820149    0.816522  0.00799318
         736    0.819301    0.816526  0.00798232
         737    0.818449    0.816529  0.00797149
         738    0.817591     0.81653  0.00796069
         739    0.816727     0.81653  0.00794992
         740    0.815854    0.816529  0.00793918
         741    0.814971    0.816527  0.00792846
         742    0.814076    0.816524  0.00791778
         743    0.813169    0.816519  0.00790712
         744    0.812247    0.816514   0.0078965
         745     0.81131    0.816507   0.0078859
         746    0.810356    0.816499  0.00787533
         747    0.809384    0.816489   0.0078648
         748    0.808394    0.816478  0.00785429
         749    0.807385    0.816466  0.00784381
         750    0.806356    0.816453  0.00783337
         751    0.805306    0.816438  0.00782295
         752    0.804235    0.816421  0.00781256
         753     0.80314    0.816404  0.00780221
         754    0.802025    0.816385  0.00779188
         755    0.800888    0.816364  0.00778159
         756    0.799728    0.816342  0.00777133
         757    0.798543    0.816319   0.0077611
         758    0.797337    0.816294   0.0077509
         759    0.796108    0.816267  0.00774073
         760    0.794856    0.816239   0.0077306
         761     0.79358    0.816209   0.0077205
         762    0.792282    0.816178  0.00771043
         763    0.790961    0.816145   0.0077004
         764    0.789618     0.81611   0.0076904
         765    0.788253    0.816074  0.00768043
         766    0.786867    0.816035   0.0076705
         767     0.78546    0.815996   0.0076606
         768    0.784034    0.815954  0.00765074
         769    0.782588    0.815911  0.00764091
         770    0.781124    0.815865  0.00763112
         771    0.779643    0.815818  0.00762137
         772    0.778146     0.81577  0.00761165
         773    0.776633    0.815719  0.00760197
         774    0.775107    0.815667  0.00759233
         775    0.773569    0.815612  0.00758273
         776    0.772021    0.815556  0.00757317
         777    0.770463    0.815498  0.00756364
         778    0.768898    0.815438  0.00755416
         779    0.767328    0.815376  0.00754471
         780    0.765753    0.815313  0.00753531
         781    0.764177    0.815247  0.00752595
         782    0.762599     0.81518  0.00751662
         783    0.761022    0.815111  0.00750734
         784    0.759448     0.81504   0.0074981
         785    0.757878    0.814967   0.0074889
         786    0.756315    0.814892  0.00747975
         787    0.754759    0.814816  0.00747063
         788    0.753214    0.814738  0.00746156
         789     0.75168    0.814658  0.00745253
         790    0.750161    0.814576  0.00744355
         791    0.748659    0.814493   0.0074346
         792    0.747175    0.814408   0.0074257
         793    0.745712    0.814321  0.00741684
         794     0.74427    0.814233  0.00740803
         795    0.742853    0.814143  0.00739925
         796    0.741461    0.814052  0.00739052
         797    0.740097    0.813959  0.00738183
         798    0.738765    0.813865  0.00737318
         799    0.737464    0.813769  0.00736457
         800    0.736198    0.813672  0.00735601
         801    0.734969    0.813574  0.00734748
         802    0.733779    0.813475  0.00733899
         803    0.732628    0.813374  0.00733054
         804    0.731519    0.813272  0.00732213
         805    0.730453    0.813169  0.00731376
         806    0.729433    0.813065  0.00730542
         807    0.728459     0.81296  0.00729712
         808    0.727534    0.812855  0.00728886
         809     0.72666    0.812748  0.00728062
         810    0.725838    0.812641  0.00727243
         811    0.725068    0.812533  0.00726426
         812    0.724354    0.812424  0.00725613
         813    0.723697    0.812315  0.00724802
         814    0.723098    0.812206  0.00723995
         815     0.72256    0.812096   0.0072319
         816    0.722083    0.811985  0.00722388
         817    0.721668    0.811875  0.00721588
         818    0.721315    0.811764  0.00720791
         819    0.721025    0.811653  0.00719996
         820      0.7208    0.811542  0.00719203
         821     0.72064    0.811432  0.00718412
         822    0.720546    0.811321  0.00717623
         823     0.72052    0.811211  0.00716836
         824    0.720562    0.811101  0.00716051
         825     0.72067    0.810991  0.00715267
         826    0.720845    0.810882  0.00714484
         827    0.721087    0.810773  0.00713703
         828    0.721397    0.810665  0.00712922
         829    0.721774    0.810558  0.00712143
         830    0.722219    0.810452  0.00711364
         831    0.722731    0.810346  0.00710587
         832     0.72331    0.810242   0.0070981
         833    0.723955    0.810138  0.00709033
         834    0.724665    0.810036  0.00708257
         835    0.725441    0.809934  0.00707481
         836     0.72628    0.809834  0.00706706
         837    0.727181    0.809735   0.0070593
         838    0.728144    0.809638  0.00705155
         839    0.729167    0.809542   0.0070438
         840    0.730251    0.809448  0.00703605
         841    0.731392    0.809355  0.00702829
         842    0.732588    0.809264  0.00702054
         843    0.733837    0.809174  0.00701278
         844    0.735136    0.809087  0.00700502
         845    0.736484    0.809001  0.00699725
         846    0.737878    0.808917  0.00698949
         847    0.739317    0.808834  0.00698172
         848    0.740796    0.808754  0.00697395
         849    0.742316    0.808676  0.00696617
         850    0.743873      0.8086  0.00695839
         851    0.745464    0.808526  0.00695061
         852    0.747085    0.808453  0.00694283
         853    0.748733    0.808383  0.00693504
         854    0.750405    0.808316  0.00692725
         855      0.7521     0.80825  0.00691946
         856    0.753816    0.808186  0.00691167
         857    0.755548    0.808125  0.00690388
         858    0.757293    0.808066  0.00689609
         859    0.759047    0.808008   0.0068883
         860    0.760808    0.807954  0.00688051
         861    0.762572    0.807901  0.00687272
         862    0.764336     0.80785  0.00686493
         863    0.766098    0.807802  0.00685714
         864    0.767854    0.807756  0.00684936
         865    0.769602    0.807712  0.00684159
         866     0.77134     0.80767  0.00683382
         867    0.773064     0.80763  0.00682605
         868    0.774772    0.807592  0.00681829
         869    0.776461    0.807556  0.00681054
         870    0.778129    0.807522   0.0068028
         871    0.779775     0.80749  0.00679506
         872    0.781396     0.80746  0.00678733
         873    0.782991    0.807432  0.00677962
         874    0.784557    0.807406  0.00677191
         875    0.786092    0.807382  0.00676421
         876    0.787595    0.807359  0.00675653
         877    0.789066    0.807338  0.00674886
         878    0.790501    0.807319   0.0067412
         879      0.7919    0.807302  0.00673355
         880    0.793262    0.807286  0.00672592
         881    0.794586    0.807271   0.0067183
         882     0.79587    0.807258   0.0067107
         883    0.797113    0.807247  0.00670311
         884    0.798315    0.807237  0.00669553
         885    0.799474    0.807228  0.00668797
         886    0.800592    0.807221  0.00668043
         887    0.801668    0.807214   0.0066729
         888    0.802702    0.807209  0.00666539
         889    0.803691    0.807205  0.00665789
         890    0.804637    0.807202  0.00665041
         891    0.805538      0.8072  0.00664295
         892    0.806396      0.8072   0.0066355
         893     0.80721      0.8072  0.00662807
         894     0.80798      0.8072  0.00662065
         895    0.808706    0.807202  0.00661326
         896    0.809388    0.807205  0.00660588
         897    0.810027    0.807208  0.00659851
         898    0.810623    0.807212  0.00659117
         899    0.811176    0.807216  0.00658384
         900    0.811687    0.807221  0.00657652
         901    0.812155    0.807226  0.00656923
         902    0.812582    0.807232  0.00656194
         903    0.812968    0.807239  0.00655468
         904    0.813313    0.807245  0.00654743
         905    0.813617    0.807252   0.0065402
         906    0.813882     0.80726  0.00653299
         907    0.814106    0.807267  0.00652579
         908    0.814292    0.807275  0.00651861
         909     0.81444    0.807283  0.00651144
         910    0.814551    0.807291  0.00650429
         911    0.814626    0.807299  0.00649716
         912    0.814664    0.807307  0.00649004
         913    0.814668    0.807315  0.00648293
         914    0.814638    0.807323  0.00647585
         915    0.814574    0.807331  0.00646877
         916    0.814479    0.807339  0.00646172
         917    0.814353    0.807346  0.00645467
         918    0.814197    0.807354  0.00644765
         919    0.814011    0.807361  0.00644063
         920    0.813797    0.807368  0.00643364
         921    0.813556    0.807375  0.00642666
         922    0.813289    0.807381  0.00641969
         923    0.812997    0.807387  0.00641274
         924    0.812681    0.807393   0.0064058
         925    0.812343    0.807398  0.00639888
         926    0.811983    0.807403  0.00639197
         927    0.811603    0.807408  0.00638507
         928    0.811204    0.807412  0.00637819
         929    0.810787    0.807416  0.00637133
         930    0.810355    0.807419  0.00636448
         931    0.809907    0.807421  0.00635764
         932    0.809446    0.807424  0.00635082
         933    0.808971    0.807425  0.00634402
         934    0.808484    0.807426  0.00633722
         935    0.807987    0.807427  0.00633045
         936    0.807481    0.807427  0.00632368
         937    0.806966    0.807427  0.00631693
         938    0.806445    0.807426   0.0063102
         939     0.80592    0.807424  0.00630348
         940     0.80539    0.807422  0.00629677
         941    0.804858    0.807419  0.00629008
         942    0.804323    0.807416  0.00628341
         943    0.803787    0.807412  0.00627674
         944    0.803251    0.807408   0.0062701
         945    0.802716    0.807403  0.00626346
         946    0.802183    0.807397  0.00625685
         947    0.801654    0.807391  0.00625024
         948    0.801128    0.807384  0.00624365
         949    0.800607    0.807377  0.00623708
         950    0.800092     0.80737  0.00623052
         951    0.799583    0.807361  0.00622397
         952    0.799081    0.807353  0.00621744
         953    0.798587    0.807344  0.00621092
         954    0.798101    0.807334  0.00620442
         955    0.797623    0.807324  0.00619793
         956    0.797154    0.807313  0.00619146
         957    0.796693    0.807302    0.006185
         958     0.79624     0.80729  0.00617855
         959    0.795796    0.807278  0.00617212
         960    0.795361    0.807266   0.0061657
         961    0.794935    0.807253   0.0061593
         962    0.794519     0.80724  0.00615291
         963    0.794113    0.807226  0.00614654
         964    0.793717    0.807212  0.00614018
         965     0.79333    0.807198  0.00613383
         966    0.792951    0.807183   0.0061275
         967    0.792581    0.807168  0.00612118
         968    0.792218    0.807153  0.00611488
         969    0.791865    0.807137  0.00610859
         970     0.79152    0.807121  0.00610231
         971    0.791184    0.807104  0.00609605
         972    0.790857    0.807088   0.0060898
         973    0.790538    0.807071  0.00608356
         974    0.790225    0.807053  0.00607734
         975    0.789919    0.807036  0.00607114
         976     0.78962    0.807018  0.00606494
         977    0.789328       0.807  0.00605876
         978    0.789041    0.806981  0.00605259
         979     0.78876    0.806963  0.00604644
         980    0.788485    0.806944   0.0060403
         981    0.788215    0.806925  0.00603417
         982     0.78795    0.806905  0.00602806
         983    0.787691    0.806886  0.00602196
         984    0.787438    0.806866  0.00601587
         985    0.787189    0.806846   0.0060098
         986    0.786945    0.806826  0.00600373
         987    0.786707    0.806806  0.00599769
         988    0.786475    0.806785  0.00599165
         989    0.786247    0.806764  0.00598563
         990    0.786025    0.806743  0.00597962
         991    0.785808    0.806722  0.00597362
         992    0.785597    0.806701  0.00596764
         993    0.785393    0.806679  0.00596167
         994    0.785194    0.806658  0.00595571
         995    0.785002    0.806636  0.00594976
         996    0.784818    0.806614  0.00594383
         997    0.784642    0.806592  0.00593791
         998    0.784472     0.80657    0.005932
         999    0.784311    0.806548   0.0059261
        1000    0.784159    0.806525  0.00592022
        1001    0.784016    0.806503  0.00591435
        1002    0.783883     0.80648  0.00590849
        1003     0.78376    0.806458  0.00590264
        1004    0.783648    0.806435  0.00589681
        1005    0.783548    0.806412  0.00589098
        1006    0.783461    0.806389  0.00588517
        1007    0.783387    0.806366  0.00587937
        1008    0.783326    0.806344  0.00587358
        1009     0.78328    0.806321  0.00586781
        1010    0.783249    0.806298  0.00586204
        1011    0.783235    0.806275  0.00585629
        1012    0.783239    0.806252  0.00585055
        1013     0.78326     0.80623  0.00584481
        1014      0.7833    0.806207  0.00583909
        1015     0.78336    0.806184  0.00583338
        1016     0.78344    0.806162  0.00582769
        1017    0.783542     0.80614    0.005822
        1018    0.783666    0.806118  0.00581632
        1019    0.783814    0.806096  0.00581065
        1020    0.783986    0.806074    0.005805
        1021    0.784185    0.806053  0.00579935
        1022    0.784409    0.806032  0.00579372
        1023     0.78466    0.806011  0.00578809
        1024    0.784938     0.80599  0.00578247
        1025    0.785243     0.80597  0.00577687
        1026    0.785576     0.80595  0.00577127
        1027    0.785938    0.805931  0.00576569
        1028     0.78633    0.805911  0.00576011
        1029    0.786752    0.805893  0.00575454
        1030    0.787204    0.805875  0.00574898
        1031    0.787685    0.805857  0.00574343
        1032    0.788195     0.80584  0.00573789
        1033    0.788735    0.805823  0.00573236
        1034    0.789304    0.805807  0.00572684
        1035      0.7899    0.805792  0.00572133
        1036    0.790524    0.805777  0.00571582
        1037    0.791174    0.805763  0.00571033
        1038    0.791851     0.80575  0.00570484
        1039    0.792553    0.805737  0.00569937
        1040     0.79328    0.805725   0.0056939
        1041    0.794029    0.805714  0.00568844
        1042      0.7948    0.805703  0.00568299
        1043    0.795593    0.805694  0.00567755
        1044    0.796404    0.805685  0.00567212
        1045    0.797233    0.805677   0.0056667
        1046    0.798077    0.805669  0.00566129
        1047    0.798935    0.805663  0.00565588
        1048    0.799804    0.805657  0.00565049
        1049    0.800683    0.805653   0.0056451
        1050    0.801569    0.805649  0.00563973
        1051     0.80246    0.805646  0.00563436
        1052    0.803355    0.805644  0.00562901
        1053     0.80425    0.805642  0.00562366
        1054    0.805145    0.805642  0.00561833
        1055    0.806037    0.805642    0.005613
        1056    0.806922    0.805643  0.00560769
        1057    0.807798    0.805645  0.00560238
        1058    0.808662    0.805648  0.00559709
        1059    0.809513    0.805652   0.0055918
        1060    0.810348    0.805656  0.00558653
        1061    0.811165    0.805662  0.00558127
        1062    0.811962    0.805668  0.00557601
        1063    0.812735    0.805674  0.00557077
        1064    0.813484    0.805681  0.00556554
        1065    0.814207    0.805689  0.00556032
        1066    0.814903    0.805698  0.00555511
        1067    0.815567    0.805707  0.00554991
        1068    0.816198    0.805717  0.00554473
        1069    0.816794    0.805728  0.00553955
        1070    0.817354    0.805738  0.00553438
        1071    0.817876     0.80575  0.00552923
        1072    0.818358    0.805762  0.00552408
        1073    0.818798    0.805774  0.00551895
        1074    0.819196    0.805786  0.00551382
        1075     0.81955    0.805799  0.00550871
        1076     0.81986    0.805812   0.0055036
        1077    0.820124    0.805825  0.00549851
        1078    0.820341    0.805839  0.00549342
        1079    0.820509    0.805852  0.00548835
        1080    0.820628    0.805866  0.00548329
        1081    0.820697     0.80588  0.00547823
        1082    0.820716    0.805894  0.00547318
        1083    0.820684    0.805907  0.00546815
        1084    0.820601    0.805921  0.00546312
        1085    0.820467    0.805934   0.0054581
        1086    0.820282    0.805947  0.00545309
        1087    0.820045     0.80596  0.00544809
        1088    0.819755    0.805973   0.0054431
        1089    0.819414    0.805985  0.00543811
        1090    0.819022    0.805997  0.00543314
        1091    0.818578    0.806009  0.00542817
        1092    0.818081     0.80602  0.00542321
        1093    0.817534     0.80603  0.00541826
        1094    0.816935     0.80604  0.00541332
        1095    0.816286     0.80605  0.00540838
        1096    0.815587    0.806058  0.00540345
        1097    0.814839    0.806066  0.00539853
        1098    0.814044    0.806074  0.00539362
        1099    0.813203     0.80608  0.00538872
        1100    0.812316    0.806086  0.00538382
        1101    0.811385    0.806091  0.00537893
        1102     0.81041    0.806095  0.00537405
        1103    0.809393    0.806098  0.00536918
        1104    0.808334      0.8061  0.00536432
        1105    0.807236    0.806101  0.00535946
        1106    0.806098    0.806101  0.00535462
        1107    0.804925      0.8061  0.00534978
        1108    0.803716    0.806097  0.00534495
        1109    0.802474    0.806094  0.00534014
        1110    0.801201     0.80609  0.00533533
        1111    0.799898    0.806084  0.00533053
        1112    0.798568    0.806077  0.00532574
        1113    0.797213    0.806069  0.00532096
        1114    0.795836     0.80606  0.00531619
        1115    0.794437     0.80605  0.00531143
        1116    0.793021    0.806038  0.00530669
        1117    0.791589    0.806025  0.00530195
        1118    0.790143    0.806011  0.00529723
        1119    0.788685    0.805996  0.00529252
        1120    0.787218    0.805979  0.00528782
        1121    0.785745    0.805961  0.00528313
        1122    0.784269    0.805941  0.00527846
        1123     0.78279    0.805921   0.0052738
        1124    0.781314    0.805899  0.00526915
        1125    0.779841    0.805876  0.00526452
        1126    0.778377    0.805851   0.0052599
        1127    0.776924    0.805826  0.00525529
        1128    0.775483    0.805799   0.0052507
        1129    0.774059    0.805771  0.00524613
        1130    0.772654    0.805741  0.00524157
        1131    0.771272    0.805711  0.00523702
        1132    0.769915    0.805679  0.00523249
        1133    0.768587    0.805646  0.00522798
        1134    0.767289    0.805613  0.00522347
        1135    0.766026    0.805578  0.00521899
        1136    0.764798    0.805542  0.00521452
        1137    0.763611    0.805505  0.00521006
        1138    0.762465    0.805467  0.00520562
        1139    0.761365    0.805428   0.0052012
        1140    0.760314    0.805389  0.00519678
        1141    0.759314    0.805349  0.00519239
        1142    0.758367    0.805307    0.005188
        1143    0.757475    0.805266  0.00518363
        1144     0.75664    0.805223  0.00517927
        1145    0.755866     0.80518  0.00517493
        1146    0.755154    0.805136   0.0051706
        1147    0.754508    0.805092  0.00516628
        1148    0.753927    0.805048  0.00516197
        1149    0.753415    0.805003  0.00515767
        1150    0.752973    0.804957  0.00515339
        1151    0.752603    0.804912  0.00514911
        1152    0.752308    0.804866  0.00514484
        1153    0.752087     0.80482  0.00514059
        1154    0.751942    0.804775  0.00513634
        1155    0.751875    0.804729  0.00513209
        1156    0.751885    0.804683  0.00512786
        1157    0.751973    0.804638  0.00512363
        1158    0.752141    0.804592   0.0051194
        1159    0.752389    0.804547  0.00511518
        1160    0.752717    0.804502  0.00511097
        1161    0.753125    0.804458  0.00510676
        1162    0.753613    0.804414  0.00510255
        1163    0.754181    0.804371  0.00509835
        1164    0.754829    0.804329  0.00509414
        1165    0.755556    0.804287  0.00508994
        1166    0.756362    0.804246  0.00508574
        1167    0.757245    0.804205  0.00508155
        1168    0.758205    0.804166  0.00507735
        1169     0.75924    0.804128  0.00507315
        1170     0.76035     0.80409  0.00506895
        1171    0.761534    0.804054  0.00506475
        1172    0.762789    0.804019  0.00506055
        1173    0.764114    0.803985  0.00505635
        1174    0.765507    0.803952  0.00505215
        1175    0.766966     0.80392  0.00504795
        1176     0.76849     0.80389  0.00504375
        1177    0.770077    0.803862  0.00503955
        1178    0.771724    0.803834  0.00503534
        1179    0.773429    0.803809  0.00503114
        1180    0.775188    0.803784  0.00502693
        1181    0.776999    0.803762  0.00502273
        1182     0.77886    0.803741  0.00501852
        1183    0.780768    0.803721  0.00501432
        1184     0.78272    0.803703  0.00501011
        1185    0.784713    0.803687  0.00500591
        1186    0.786745    0.803673  0.00500171
        1187    0.788812    0.803661  0.00499751
        1188    0.790911     0.80365  0.00499332
        1189    0.793041    0.803641  0.00498913
        1190    0.795197    0.803634  0.00498494
        1191    0.797377    0.803629  0.00498076
        1192    0.799577    0.803625  0.00497658
        1193    0.801794    0.803624  0.00497241
        1194    0.804024    0.803624  0.00496824
        1195    0.806265    0.803626  0.00496409
        1196    0.808513     0.80363  0.00495994
        1197    0.810765    0.803636   0.0049558
        1198    0.813019    0.803644  0.00495167
        1199    0.815271    0.803654  0.00494755
        1200    0.817517    0.803665  0.00494344
        1201    0.819755    0.803679  0.00493934
        1202    0.821982    0.803694  0.00493525
        1203    0.824196    0.803711  0.00493118
        1204    0.826392     0.80373  0.00492712
        1205    0.828569     0.80375  0.00492307
        1206    0.830723    0.803773  0.00491904
        1207    0.832853    0.803797  0.00491503
        1208    0.834954    0.803823  0.00491103
        1209    0.837025     0.80385  0.00490704
        1210    0.839061    0.803879  0.00490307
        1211    0.841061     0.80391  0.00489912
        1212    0.843022    0.803942  0.00489518
        1213    0.844941    0.803976  0.00489126
        1214    0.846817    0.804011  0.00488736
        1215    0.848646    0.804048  0.00488348
        1216    0.850428    0.804086  0.00487961
        1217     0.85216    0.804126  0.00487576
        1218     0.85384    0.804166  0.00487193
        1219    0.855466    0.804209  0.00486811
        1220    0.857037    0.804252  0.00486432
        1221    0.858551    0.804296  0.00486054
        1222    0.860007    0.804342  0.00485677
        1223    0.861403    0.804389  0.00485302
        1224    0.862738    0.804436  0.00484929
        1225     0.86401    0.804485  0.00484558
        1226     0.86522    0.804534  0.00484188
        1227    0.866365    0.804585   0.0048382
        1228    0.867445    0.804636  0.00483453
        1229    0.868458    0.804688  0.00483087
        1230    0.869406    0.804741  0.00482723
        1231    0.870288    0.804794   0.0048236
        1232    0.871105    0.804848  0.00481999
        1233    0.871856    0.804902  0.00481639
        1234    0.872542    0.804957  0.00481279
        1235    0.873161    0.805012  0.00480921
        1236    0.873715    0.805068  0.00480564
        1237    0.874205    0.805123  0.00480208
        1238     0.87463     0.80518  0.00479853
        1239    0.874993    0.805236  0.00479499
        1240    0.875292    0.805292  0.00479146
        1241    0.875531    0.805349  0.00478793
        1242    0.875709    0.805406  0.00478441
        1243     0.87583    0.805462   0.0047809
        1244    0.875896    0.805519  0.00477739
        1245    0.875907    0.805575  0.00477389
        1246    0.875865    0.805632  0.00477039
        1247    0.875773    0.805688  0.00476689
        1248    0.875632    0.805744   0.0047634
        1249    0.875446      0.8058  0.00475992
        1250    0.875216    0.805856  0.00475643
        1251    0.874945    0.805911  0.00475295
        1252    0.874636    0.805966  0.00474947
        1253    0.874292     0.80602    0.004746
        1254    0.873916    0.806074  0.00474252
        1255     0.87351    0.806128  0.00473904
        1256    0.873076    0.806181  0.00473557
        1257    0.872617    0.806234   0.0047321
        1258    0.872136    0.806287  0.00472863
        1259    0.871636    0.806339  0.00472516
        1260    0.871121     0.80639  0.00472169
        1261    0.870594    0.806441  0.00471822
        1262    0.870057    0.806491  0.00471475
        1263    0.869515    0.806541  0.00471128
        1264     0.86897    0.806591  0.00470781
        1265    0.868426    0.806639  0.00470434
        1266    0.867886    0.806688  0.00470087
        1267     0.86735    0.806736  0.00469741
        1268    0.866823    0.806783  0.00469394
        1269    0.866307     0.80683  0.00469048
        1270    0.865806    0.806876  0.00468701
        1271    0.865321    0.806922  0.00468355
        1272    0.864855    0.806968  0.00468009
        1273     0.86441    0.807013  0.00467663
        1274    0.863987    0.807058  0.00467318
        1275    0.863591    0.807102  0.00466972
        1276    0.863224    0.807146  0.00466627
        1277    0.862888     0.80719  0.00466282
        1278    0.862583    0.807233  0.00465937
        1279    0.862311    0.807276  0.00465593
        1280    0.862076    0.807319  0.00465249
        1281    0.861879    0.807362  0.00464905
        1282     0.86172    0.807404  0.00464562
        1283    0.861602    0.807446  0.00464219
        1284    0.861524    0.807488  0.00463876
        1285     0.86149     0.80753  0.00463534
        1286    0.861499    0.807572  0.00463193
        1287    0.861551    0.807614  0.00462852
        1288    0.861646    0.807656  0.00462512
        1289    0.861786    0.807698  0.00462172
        1290    0.861972     0.80774  0.00461833
        1291    0.862203    0.807782  0.00461494
        1292     0.86248    0.807825  0.00461157
        1293    0.862801    0.807867   0.0046082
        1294    0.863167     0.80791  0.00460483
        1295    0.863577    0.807953  0.00460148
        1296     0.86403    0.807996  0.00459813
        1297    0.864526     0.80804  0.00459479
        1298    0.865065    0.808084  0.00459146
        1299    0.865646    0.808128  0.00458814
        1300    0.866269    0.808173  0.00458483
        1301    0.866932    0.808218  0.00458153
        1302    0.867633    0.808264  0.00457824
        1303     0.86837     0.80831  0.00457495
        1304    0.869142    0.808356  0.00457168
        1305    0.869946    0.808404  0.00456842
        1306    0.870781    0.808451  0.00456518
        1307    0.871644      0.8085  0.00456194
        1308    0.872534    0.808549  0.00455871
        1309    0.873448    0.808598   0.0045555
        1310    0.874385    0.808649   0.0045523
        1311    0.875341    0.808699  0.00454911
        1312    0.876315    0.808751  0.00454594
        1313    0.877302    0.808803  0.00454277
        1314      0.8783    0.808856  0.00453963
        1315    0.879307     0.80891  0.00453649
        1316     0.88032    0.808964  0.00453337
        1317    0.881337    0.809019  0.00453026
        1318    0.882354    0.809074  0.00452716
        1319    0.883368    0.809131  0.00452408
        1320    0.884378    0.809188  0.00452101
        1321    0.885381    0.809245  0.00451796
        1322    0.886374    0.809304  0.00451492
        1323    0.887353    0.809363  0.00451189
        1324    0.888317    0.809422  0.00450888
        1325    0.889261    0.809483  0.00450588
        1326    0.890184    0.809544  0.00450289
        1327    0.891082    0.809605  0.00449991
        1328    0.891953    0.809667  0.00449695
        1329    0.892795     0.80973    0.004494
        1330    0.893605    0.809793  0.00449107
        1331    0.894381    0.809856  0.00448814
        1332     0.89512     0.80992  0.00448523
        1333    0.895819    0.809985  0.00448233
        1334    0.896479    0.810049  0.00447944
        1335    0.897097    0.810115  0.00447656
        1336    0.897671     0.81018  0.00447369
        1337    0.898199    0.810246  0.00447082
        1338    0.898677    0.810312  0.00446797
        1339    0.899104    0.810378  0.00446513
        1340    0.899481    0.810445  0.00446229
        1341    0.899804    0.810512  0.00445946
        1342    0.900073    0.810578  0.00445663
        1343    0.900287    0.810645  0.00445382
        1344    0.900444    0.810712    0.004451
        1345    0.900543    0.810779   0.0044482
        1346    0.900583    0.810845  0.00444539
        1347    0.900563    0.810912  0.00444259
        1348    0.900482    0.810978  0.00443979
        1349    0.900341    0.811045  0.00443699
        1350    0.900138    0.811111   0.0044342
        1351    0.899874    0.811176   0.0044314
        1352    0.899548    0.811242  0.00442861
        1353    0.899159    0.811307  0.00442581
        1354    0.898708    0.811371  0.00442301
        1355    0.898193    0.811435  0.00442021
        1356    0.897615    0.811499  0.00441741
        1357    0.896974    0.811562   0.0044146
        1358     0.89627    0.811624  0.00441179
        1359    0.895503    0.811686  0.00440898
        1360    0.894673    0.811747  0.00440616
        1361    0.893782    0.811807  0.00440333
        1362     0.89283    0.811867   0.0044005
        1363    0.891817    0.811925  0.00439767
        1364    0.890745    0.811983  0.00439482
        1365    0.889613     0.81204  0.00439197
        1366    0.888422    0.812096  0.00438911
        1367    0.887174    0.812151  0.00438624
        1368    0.885869    0.812205  0.00438337
        1369    0.884509    0.812258  0.00438048
        1370    0.883094    0.812309  0.00437759
        1371    0.881625     0.81236  0.00437469
        1372    0.880103    0.812409  0.00437178
        1373     0.87853    0.812457  0.00436886
        1374    0.876906    0.812504  0.00436593
        1375    0.875232     0.81255    0.004363
        1376    0.873509    0.812594  0.00436005
        1377    0.871738    0.812637   0.0043571
        1378    0.869922    0.812679  0.00435413
        1379    0.868062    0.812719  0.00435116
        1380     0.86616    0.812758  0.00434818
        1381    0.864216    0.812795  0.00434519
        1382    0.862231    0.812831  0.00434219
        1383    0.860207    0.812865  0.00433919
        1384    0.858147    0.812898  0.00433618
        1385    0.856053    0.812929  0.00433316
        1386    0.853925    0.812958  0.00433013
        1387    0.851765    0.812986   0.0043271
        1388    0.849574    0.813013  0.00432406
        1389    0.847354    0.813037  0.00432102
        1390    0.845106    0.813061  0.00431798
        1391     0.84283    0.813082  0.00431492
        1392     0.84053    0.813102  0.00431187
        1393    0.838208     0.81312  0.00430881
        1394    0.835863    0.813136  0.00430575
        1395    0.833499    0.813151  0.00430269
        1396    0.831117    0.813163  0.00429963
        1397    0.828719    0.813175  0.00429656
        1398    0.826306    0.813184   0.0042935
        1399    0.823881    0.813192  0.00429044
        1400    0.821444    0.813198  0.00428738
        1401    0.818997    0.813202  0.00428432
        1402    0.816541    0.813204  0.00428126
        1403     0.81408    0.813205  0.00427821
        1404    0.811614    0.813204  0.00427517
        1405    0.809145    0.813201  0.00427212
        1406    0.806675    0.813196  0.00426909
        1407    0.804203     0.81319  0.00426606
        1408    0.801733    0.813182  0.00426304
        1409    0.799267    0.813172  0.00426002
        1410    0.796805     0.81316  0.00425702
        1411    0.794349    0.813147  0.00425402
        1412    0.791902    0.813132  0.00425103
        1413    0.789464    0.813115  0.00424806
        1414    0.787037    0.813096  0.00424509
        1415    0.784623    0.813076  0.00424214
        1416    0.782224    0.813055   0.0042392
        1417    0.779841    0.813031  0.00423628
        1418    0.777476    0.813006  0.00423336
        1419     0.77513    0.812979  0.00423046
        1420    0.772806    0.812951  0.00422758
        1421    0.770505    0.812921  0.00422471
        1422    0.768229     0.81289  0.00422185
        1423    0.765979    0.812857  0.00421902
        1424    0.763758    0.812822  0.00421619
        1425    0.761566    0.812786  0.00421339
        1426    0.759404    0.812749   0.0042106
        1427    0.757275     0.81271  0.00420783
        1428    0.755178     0.81267  0.00420508
        1429    0.753117    0.812628  0.00420234
        1430    0.751093    0.812585  0.00419962
        1431    0.749107    0.812541  0.00419692
        1432    0.747162    0.812495  0.00419424
        1433    0.745259    0.812448  0.00419157
        1434    0.743399      0.8124  0.00418893
        1435    0.741584    0.812351   0.0041863
        1436    0.739815      0.8123  0.00418369
        1437    0.738094    0.812248   0.0041811
        1438    0.736422    0.812196  0.00417852
        1439    0.734801    0.812142  0.00417596
        1440    0.733231    0.812087  0.00417342
        1441    0.731715    0.812031   0.0041709
        1442    0.730253    0.811975  0.00416839
        1443    0.728846    0.811917   0.0041659
        1444    0.727496    0.811859  0.00416343
        1445    0.726204    0.811799  0.00416097
        1446    0.724971    0.811739  0.00415852
        1447    0.723797    0.811678  0.00415609
        1448    0.722685    0.811617  0.00415368
        1449    0.721634    0.811555  0.00415128
        1450    0.720647    0.811492  0.00414889
        1451    0.719723    0.811429  0.00414651
        1452    0.718864    0.811365  0.00414414
        1453    0.718069    0.811301  0.00414179
        1454    0.717339    0.811236  0.00413944
        1455    0.716676    0.811171  0.00413711
        1456     0.71608    0.811106  0.00413478
        1457     0.71555    0.811041  0.00413247
        1458    0.715087    0.810975  0.00413015
        1459    0.714692    0.810909  0.00412785
        1460    0.714364    0.810843  0.00412555
        1461    0.714103    0.810776  0.00412326
        1462    0.713908     0.81071  0.00412097
        1463    0.713781    0.810644  0.00411869
        1464    0.713721    0.810578  0.00411641
        1465    0.713727    0.810512  0.00411413
        1466      0.7138    0.810446  0.00411185
        1467    0.713938     0.81038  0.00410957
        1468    0.714142    0.810314   0.0041073
        1469     0.71441    0.810249  0.00410502
        1470    0.714741    0.810184  0.00410274
        1471    0.715136    0.810119  0.00410046
        1472    0.715592    0.810055  0.00409818
        1473     0.71611    0.809991  0.00409589
        1474    0.716687    0.809928   0.0040936
        1475    0.717324    0.809865  0.00409131
        1476     0.71802    0.809803  0.00408901
        1477    0.718774    0.809741  0.00408671
        1478    0.719585     0.80968   0.0040844
        1479    0.720452     0.80962  0.00408208
        1480    0.721371     0.80956  0.00407976
        1481    0.722344    0.809502  0.00407743
        1482    0.723366    0.809443  0.00407509
        1483    0.724438    0.809386  0.00407275
        1484    0.725558     0.80933  0.00407039
        1485    0.726726    0.809274  0.00406803
        1486    0.727941    0.809219  0.00406566
        1487    0.729199    0.809165  0.00406329
        1488      0.7305    0.809113   0.0040609
        1489    0.731841    0.809061   0.0040585
        1490    0.733223     0.80901   0.0040561
        1491    0.734642     0.80896  0.00405368
        1492    0.736099    0.808911  0.00405126
        1493    0.737591    0.808863  0.00404883
        1494    0.739118    0.808817  0.00404639
        1495    0.740677    0.808771  0.00404394
        1496    0.742269    0.808727  0.00404148
        1497    0.743892    0.808683  0.00403901
        1498    0.745546    0.808641  0.00403654
        1499    0.747227      0.8086  0.00403405
        1500    0.748935     0.80856  0.00403156
        1501    0.750668    0.808522  0.00402906
        1502    0.752425    0.808484  0.00402655
        1503    0.754205    0.808448  0.00402403
        1504    0.756007    0.808414  0.00402151
        1505     0.75783     0.80838  0.00401897
        1506    0.759673    0.808348  0.00401644
        1507    0.761534    0.808316  0.00401389
        1508    0.763412    0.808287  0.00401134
        1509    0.765304    0.808258  0.00400878
        1510    0.767212    0.808231  0.00400622
        1511    0.769134    0.808205  0.00400365
        1512     0.77107    0.808181  0.00400108
        1513    0.773017    0.808157   0.0039985
        1514    0.774973    0.808135  0.00399592
        1515    0.776937    0.808115  0.00399334
        1516    0.778907    0.808096  0.00399075
        1517    0.780882    0.808078  0.00398816
        1518    0.782862    0.808061  0.00398557
        1519    0.784845    0.808046  0.00398297
        1520    0.786828    0.808032  0.00398038
        1521    0.788811    0.808019  0.00397778
        1522    0.790793    0.808008  0.00397518
        1523    0.792773    0.807998  0.00397258
        1524     0.79475    0.807989  0.00396999
        1525    0.796721    0.807982  0.00396739
        1526    0.798684    0.807976  0.00396479
        1527    0.800638    0.807971   0.0039622
        1528     0.80258    0.807967  0.00395961
        1529    0.804509    0.807965  0.00395702
        1530    0.806424    0.807964  0.00395443
        1531    0.808323    0.807964  0.00395185
        1532    0.810203    0.807966  0.00394927
        1533    0.812064    0.807968   0.0039467
        1534    0.813903    0.807972  0.00394413
        1535     0.81572    0.807977  0.00394156
        1536    0.817513    0.807984    0.003939
        1537     0.81928    0.807991  0.00393644
        1538    0.821018    0.807999  0.00393389
        1539    0.822726    0.808009  0.00393135
        1540    0.824403     0.80802  0.00392881
        1541    0.826047    0.808031  0.00392628
        1542    0.827657    0.808044  0.00392375
        1543    0.829232    0.808058  0.00392123
        1544    0.830769    0.808072  0.00391872
        1545    0.832266    0.808088  0.00391622
        1546    0.833724    0.808105  0.00391372
        1547     0.83514    0.808122  0.00391123
        1548    0.836515    0.808141  0.00390874
        1549    0.837846     0.80816  0.00390627
        1550    0.839132     0.80818   0.0039038
        1551    0.840371      0.8082  0.00390134
        1552    0.841563    0.808222  0.00389888
        1553    0.842707    0.808244  0.00389643
        1554    0.843804    0.808267  0.00389399
        1555     0.84485    0.808291  0.00389156
        1556    0.845845    0.808315  0.00388913
        1557    0.846787    0.808339  0.00388672
        1558    0.847676    0.808365   0.0038843
        1559    0.848512     0.80839   0.0038819
        1560    0.849293    0.808417   0.0038795
        1561     0.85002    0.808443   0.0038771
        1562    0.850691     0.80847  0.00387472
        1563    0.851306    0.808498  0.00387233
        1564    0.851864    0.808525  0.00386996
        1565    0.852364    0.808553  0.00386759
        1566    0.852808    0.808582  0.00386522
        1567    0.853196     0.80861  0.00386286
        1568    0.853529    0.808639   0.0038605
        1569    0.853804    0.808668  0.00385815
        1570    0.854021    0.808697   0.0038558
        1571    0.854183    0.808725  0.00385345
        1572    0.854287    0.808754  0.00385111
        1573    0.854336    0.808783  0.00384877
        1574    0.854328    0.808812  0.00384643
        1575    0.854264    0.808841   0.0038441
        1576    0.854146     0.80887  0.00384177
        1577    0.853974    0.808899  0.00383944
        1578    0.853747    0.808927  0.00383711
        1579    0.853468    0.808955  0.00383478
        1580    0.853134    0.808983  0.00383246
        1581    0.852748    0.809011  0.00383013
        1582     0.85231    0.809038  0.00382781
        1583    0.851821    0.809065  0.00382549
        1584    0.851282    0.809092  0.00382317
        1585    0.850695    0.809118  0.00382084
        1586     0.85006    0.809144  0.00381852
        1587    0.849379    0.809169   0.0038162
        1588    0.848653    0.809194  0.00381388
        1589     0.84788    0.809219  0.00381156
        1590    0.847063    0.809242  0.00380923
        1591    0.846204    0.809266  0.00380691
        1592    0.845304    0.809288  0.00380459
        1593    0.844365     0.80931  0.00380226
        1594    0.843388    0.809332  0.00379994
        1595    0.842375    0.809352  0.00379761
        1596    0.841328    0.809372  0.00379528
        1597    0.840248    0.809392  0.00379296
        1598    0.839136     0.80941  0.00379063
        1599    0.837994    0.809428   0.0037883
        1600    0.836822    0.809445  0.00378597
        1601    0.835623    0.809462  0.00378364
        1602    0.834398    0.809477  0.00378131
        1603    0.833149    0.809492  0.00377898
        1604    0.831877    0.809506  0.00377665
        1605    0.830585    0.809519  0.00377432
        1606    0.829273    0.809531  0.00377199
        1607    0.827945    0.809543  0.00376966
        1608    0.826603    0.809553  0.00376733
        1609    0.825248    0.809563    0.003765
        1610    0.823882    0.809572  0.00376267
        1611    0.822508     0.80958  0.00376035
        1612    0.821128    0.809587  0.00375802
        1613    0.819741    0.809594   0.0037557
        1614    0.818353    0.809599  0.00375337
        1615    0.816967    0.809604  0.00375105
        1616    0.815582    0.809607  0.00374873
        1617    0.814202     0.80961  0.00374642
        1618    0.812828    0.809612   0.0037441
        1619    0.811463    0.809613  0.00374179
        1620    0.810108    0.809614  0.00373948
        1621    0.808763    0.809613  0.00373717
        1622    0.807431    0.809612  0.00373487
        1623    0.806114    0.809609  0.00373257
        1624    0.804813    0.809607  0.00373027
        1625    0.803529    0.809603  0.00372798
        1626    0.802266    0.809598  0.00372569
        1627    0.801025    0.809593   0.0037234
        1628    0.799809    0.809587  0.00372112
        1629    0.798617     0.80958  0.00371884
        1630    0.797453    0.809573  0.00371657
        1631    0.796317    0.809565   0.0037143
        1632    0.795213    0.809556  0.00371203
        1633    0.794141    0.809546  0.00370977
        1634    0.793104    0.809536  0.00370751
        1635    0.792103    0.809526  0.00370526
        1636    0.791139    0.809515  0.00370301
        1637    0.790215    0.809503  0.00370077
        1638    0.789332     0.80949  0.00369853
        1639    0.788492    0.809478   0.0036963
        1640    0.787694    0.809464  0.00369407
        1641    0.786943    0.809451  0.00369184
        1642    0.786238    0.809436  0.00368962
        1643     0.78558    0.809422   0.0036874
        1644    0.784973    0.809407  0.00368519
        1645    0.784415    0.809392  0.00368298
        1646    0.783908    0.809376  0.00368078
        1647    0.783454    0.809361  0.00367857
        1648    0.783053    0.809345  0.00367638
        1649    0.782707    0.809329  0.00367418
        1650    0.782415    0.809312  0.00367199
        1651    0.782179    0.809296  0.00366981
        1652    0.781999    0.809279  0.00366762
        1653    0.781877    0.809263  0.00366544
        1654    0.781812    0.809246  0.00366326
        1655    0.781804    0.809229  0.00366109
        1656    0.781853    0.809213  0.00365891
        1657     0.78196    0.809197  0.00365674
        1658    0.782125     0.80918  0.00365457
        1659    0.782348    0.809164   0.0036524
        1660    0.782628    0.809148  0.00365024
        1661    0.782966    0.809132  0.00364808
        1662     0.78336    0.809117  0.00364591
        1663     0.78381    0.809102  0.00364375
        1664    0.784314    0.809087  0.00364159
        1665    0.784873    0.809072  0.00363944
        1666    0.785484    0.809058  0.00363728
        1667    0.786147    0.809044  0.00363512
        1668    0.786859    0.809031  0.00363297
        1669    0.787621    0.809018  0.00363081
        1670     0.78843    0.809006  0.00362866
        1671    0.789285    0.808994  0.00362651
        1672    0.790185    0.808983  0.00362436
        1673    0.791126    0.808972  0.00362221
        1674    0.792108    0.808962  0.00362006
        1675    0.793128    0.808952  0.00361791
        1676    0.794186    0.808944  0.00361576
        1677    0.795278    0.808936  0.00361361
        1678    0.796401    0.808928  0.00361147
        1679    0.797554    0.808921  0.00360932
        1680    0.798733    0.808915  0.00360718
        1681    0.799936     0.80891  0.00360504
        1682    0.801162    0.808905   0.0036029
        1683    0.802408    0.808901  0.00360076
        1684     0.80367    0.808898  0.00359862
        1685    0.804946    0.808896  0.00359649
        1686    0.806234    0.808894  0.00359435
        1687    0.807531    0.808894  0.00359222
        1688    0.808834    0.808894  0.00359009
        1689    0.810141    0.808894  0.00358797
        1690     0.81145    0.808896  0.00358585
        1691    0.812757    0.808898  0.00358373
        1692     0.81406    0.808901  0.00358161
        1693    0.815357    0.808905   0.0035795
        1694    0.816645     0.80891  0.00357739
        1695    0.817923    0.808915  0.00357528
        1696    0.819188    0.808921  0.00357318
        1697    0.820437    0.808928  0.00357108
        1698    0.821668    0.808935  0.00356898
        1699     0.82288    0.808943  0.00356689
        1700    0.824069    0.808952   0.0035648
        1701    0.825235    0.808962  0.00356272
        1702    0.826374    0.808972  0.00356064
        1703    0.827487    0.808983  0.00355857
        1704    0.828572    0.808994   0.0035565
        1705    0.829625    0.809007  0.00355443
        1706    0.830647    0.809019  0.00355237
        1707    0.831635    0.809032  0.00355032
        1708    0.832589    0.809046  0.00354826
        1709    0.833507    0.809061  0.00354622
        1710     0.83439    0.809075  0.00354417
        1711    0.835234    0.809091  0.00354214
        1712    0.836041    0.809106   0.0035401
        1713     0.83681    0.809123  0.00353807
        1714     0.83754    0.809139  0.00353605
        1715    0.838231    0.809156  0.00353403
        1716    0.838881    0.809173  0.00353201
        1717     0.83949    0.809191     0.00353
        1718    0.840059    0.809209  0.00352799
        1719    0.840587    0.809227  0.00352598
        1720    0.841074    0.809246  0.00352398
        1721    0.841522    0.809265  0.00352198
        1722     0.84193    0.809284  0.00351999
        1723    0.842298    0.809303    0.003518
        1724    0.842626    0.809322  0.00351601
        1725    0.842916    0.809342  0.00351403
        1726    0.843169    0.809361  0.00351204
        1727    0.843385    0.809381  0.00351007
        1728    0.843566    0.809401  0.00350809
        1729    0.843711     0.80942  0.00350612
        1730    0.843823     0.80944  0.00350415
        1731    0.843901     0.80946  0.00350218
        1732    0.843947     0.80948  0.00350021
        1733    0.843963      0.8095  0.00349825
        1734     0.84395     0.80952  0.00349629
        1735    0.843907     0.80954  0.00349433
        1736    0.843837     0.80956  0.00349237
        1737    0.843742    0.809579  0.00349042
        1738    0.843623    0.809599  0.00348847
        1739     0.84348    0.809618  0.00348651
        1740    0.843316    0.809638  0.00348456
        1741     0.84313    0.809657  0.00348262
        1742    0.842925    0.809676  0.00348067
        1743    0.842703    0.809695  0.00347872
        1744    0.842463    0.809714  0.00347678
        1745    0.842207    0.809732  0.00347484
        1746    0.841936    0.809751   0.0034729
        1747    0.841652    0.809769  0.00347096
        1748    0.841355    0.809787  0.00346902
        1749    0.841048    0.809805  0.00346708
        1750    0.840731    0.809823  0.00346514
        1751    0.840406     0.80984  0.00346321
        1752    0.840073    0.809857  0.00346127
        1753    0.839734    0.809874  0.00345934
        1754    0.839389    0.809891  0.00345741
        1755    0.839039    0.809908  0.00345548
        1756    0.838686    0.809924  0.00345355
        1757    0.838329     0.80994  0.00345162
        1758    0.837971    0.809956   0.0034497
        1759    0.837611    0.809972  0.00344777
        1760    0.837249    0.809988  0.00344585
        1761    0.836887    0.810003  0.00344392
        1762    0.836525    0.810018    0.003442
        1763    0.836163    0.810033  0.00344008
        1764    0.835803    0.810047  0.00343816
        1765    0.835444    0.810062  0.00343625
        1766    0.835086    0.810076  0.00343433
        1767    0.834731     0.81009  0.00343241
        1768    0.834379    0.810104   0.0034305
        1769    0.834031    0.810117  0.00342859
        1770    0.833686     0.81013  0.00342668
        1771    0.833344    0.810144  0.00342477
        1772    0.833005    0.810156  0.00342286
        1773     0.83267    0.810169  0.00342095
        1774    0.832338    0.810182  0.00341905
        1775    0.832011    0.810194  0.00341714
        1776    0.831687    0.810206  0.00341524
        1777    0.831365    0.810218  0.00341334
        1778    0.831047     0.81023  0.00341144
        1779    0.830733    0.810241  0.00340954
        1780    0.830421    0.810253  0.00340764
        1781    0.830113    0.810264  0.00340575
        1782    0.829808    0.810275  0.00340385
        1783    0.829507    0.810285  0.00340196
        1784    0.829209    0.810296  0.00340007
        1785    0.828915    0.810306  0.00339818
        1786    0.828623    0.810317   0.0033963
        1787    0.828334    0.810327  0.00339441
        1788    0.828049    0.810337  0.00339253
        1789    0.827767    0.810346  0.00339064
        1790    0.827487    0.810356  0.00338876
        1791     0.82721    0.810365  0.00338688
        1792    0.826936    0.810375  0.00338501
        1793    0.826663    0.810384  0.00338313
        1794    0.826392    0.810393  0.00338126
        1795    0.826124    0.810401  0.00337939
        1796    0.825858     0.81041  0.00337751
        1797    0.825593    0.810419  0.00337565
        1798    0.825331    0.810427  0.00337378
        1799     0.82507    0.810435  0.00337191
        1800     0.82481    0.810443  0.00337005
        1801    0.824552    0.810451  0.00336819
        1802    0.824295    0.810458  0.00336633
        1803     0.82404    0.810466  0.00336447
        1804    0.823785    0.810473  0.00336261
        1805    0.823531    0.810481  0.00336076
        1806    0.823278    0.810488   0.0033589
        1807    0.823024    0.810495  0.00335705
        1808     0.82277    0.810501   0.0033552
        1809    0.822516    0.810508  0.00335335
        1810    0.822261    0.810515  0.00335151
        1811    0.822005    0.810521  0.00334966
        1812    0.821748    0.810527  0.00334782
        1813    0.821491    0.810533  0.00334598
        1814    0.821231    0.810539  0.00334414
        1815    0.820968    0.810545   0.0033423
        1816    0.820701     0.81055  0.00334046
        1817    0.820433    0.810556  0.00333863
        1818    0.820161    0.810561   0.0033368
        1819    0.819885    0.810566  0.00333497
        1820    0.819605    0.810571  0.00333314
        1821    0.819321    0.810576  0.00333131
        1822    0.819033    0.810581  0.00332949
        1823     0.81874    0.810585  0.00332766
        1824    0.818439    0.810589  0.00332584
        1825     0.81813    0.810594  0.00332402
        1826    0.817814    0.810598   0.0033222
        1827     0.81749    0.810601  0.00332039
        1828    0.817158    0.810605  0.00331857
        1829    0.816816    0.810608  0.00331676
        1830    0.816464    0.810611  0.00331495
        1831    0.816102    0.810614  0.00331314
        1832    0.815727    0.810617  0.00331133
        1833    0.815341     0.81062  0.00330953
        1834    0.814944    0.810622  0.00330772
        1835    0.814533    0.810624  0.00330592
        1836    0.814107    0.810626  0.00330412
        1837    0.813668    0.810628  0.00330232
        1838    0.813215    0.810629  0.00330053
        1839    0.812747     0.81063  0.00329873
        1840    0.812264    0.810631  0.00329694
        1841    0.811763    0.810632  0.00329515
        1842    0.811246    0.810632  0.00329336
        1843    0.810712    0.810632  0.00329157
        1844    0.810161    0.810632  0.00328979
        1845    0.809591    0.810631  0.00328801
        1846    0.809002    0.810631  0.00328623
        1847    0.808392    0.810629  0.00328445
        1848    0.807763    0.810628  0.00328267
        1849    0.807114    0.810626  0.00328089
        1850    0.806445    0.810624  0.00327912
        1851    0.805756    0.810621  0.00327735
        1852    0.805048    0.810618  0.00327558
        1853    0.804318    0.810615  0.00327382
        1854    0.803567    0.810611  0.00327205
        1855    0.802793    0.810607  0.00327029
        1856    0.801999    0.810602  0.00326853
        1857    0.801183    0.810597  0.00326678
        1858    0.800346    0.810591  0.00326502
        1859    0.799489    0.810585  0.00326327
        1860     0.79861    0.810579  0.00326152
        1861    0.797711    0.810572  0.00325978
        1862     0.79679    0.810565  0.00325804
        1863     0.79585    0.810557   0.0032563
        1864     0.79489    0.810548  0.00325456
        1865    0.793911    0.810539  0.00325283
        1866    0.792913     0.81053   0.0032511
        1867    0.791898     0.81052  0.00324937
        1868    0.790866     0.81051  0.00324765
        1869    0.789817    0.810498  0.00324593
        1870    0.788753    0.810487  0.00324422
        1871    0.787675    0.810475  0.00324251
        1872    0.786583    0.810462   0.0032408
        1873    0.785479    0.810449   0.0032391
        1874    0.784363    0.810435   0.0032374
        1875    0.783238     0.81042   0.0032357
        1876    0.782104    0.810405  0.00323401
        1877    0.780964    0.810389  0.00323233
        1878    0.779818    0.810373  0.00323065
        1879    0.778668    0.810356  0.00322897
        1880    0.777516    0.810339   0.0032273
        1881    0.776364    0.810321  0.00322564
        1882    0.775212    0.810302  0.00322398
        1883    0.774064    0.810283  0.00322232
        1884    0.772921    0.810263  0.00322067
        1885    0.771787    0.810242  0.00321903
        1886    0.770661    0.810221  0.00321739
        1887    0.769547      0.8102  0.00321576
        1888    0.768446    0.810178  0.00321413
        1889    0.767361    0.810155  0.00321251
        1890    0.766293    0.810132  0.00321089
        1891    0.765244    0.810108  0.00320928
        1892    0.764217    0.810084  0.00320768
        1893    0.763213    0.810059  0.00320608
        1894    0.762236    0.810034  0.00320449
        1895    0.761288    0.810008   0.0032029
        1896     0.76037    0.809982  0.00320132
        1897    0.759484    0.809955  0.00319974
        1898    0.758633    0.809928  0.00319817
        1899    0.757819    0.809901   0.0031966
        1900    0.757043    0.809873  0.00319504
        1901    0.756308    0.809845  0.00319348
        1902    0.755616    0.809816  0.00319193
        1903    0.754968    0.809788  0.00319039
        1904    0.754367    0.809759  0.00318884
        1905    0.753813    0.809729   0.0031873
        1906     0.75331      0.8097  0.00318577
        1907    0.752857     0.80967  0.00318424
        1908    0.752456     0.80964  0.00318271
        1909    0.752109     0.80961  0.00318119
        1910    0.751818    0.809579  0.00317966
        1911    0.751584    0.809549  0.00317815
        1912    0.751408    0.809519  0.00317663
        1913    0.751288    0.809488  0.00317511
        1914    0.751227    0.809458   0.0031736
        1915    0.751223    0.809427  0.00317209
        1916    0.751277    0.809397  0.00317058
        1917     0.75139    0.809367  0.00316907
        1918    0.751561    0.809337  0.00316756
        1919    0.751791    0.809307  0.00316605
        1920     0.75208    0.809277  0.00316454
        1921    0.752427    0.809247  0.00316303
        1922    0.752831    0.809218  0.00316152
        1923    0.753291    0.809189  0.00316001
        1924    0.753809     0.80916   0.0031585
        1925    0.754383    0.809131  0.00315699
        1926    0.755012    0.809103  0.00315548
        1927    0.755693    0.809076  0.00315396
        1928    0.756426    0.809048  0.00315244
        1929     0.75721    0.809021  0.00315092
        1930    0.758043    0.808995   0.0031494
        1931    0.758922    0.808969  0.00314788
        1932    0.759845    0.808944  0.00314635
        1933    0.760812    0.808919  0.00314482
        1934     0.76182    0.808894  0.00314329
        1935    0.762866    0.808871  0.00314175
        1936    0.763949    0.808847  0.00314022
        1937    0.765066    0.808825  0.00313868
        1938    0.766215    0.808803  0.00313714
        1939    0.767393    0.808782  0.00313559
        1940    0.768596    0.808761  0.00313404
        1941    0.769824    0.808741  0.00313249
        1942    0.771074    0.808721  0.00313094
        1943    0.772342    0.808703  0.00312938
        1944    0.773625    0.808685  0.00312783
        1945     0.77492    0.808667  0.00312627
        1946    0.776227    0.808651   0.0031247
        1947     0.77754    0.808635  0.00312314
        1948    0.778858    0.808619  0.00312157
        1949    0.780178    0.808605  0.00312001
        1950    0.781497    0.808591  0.00311844
        1951    0.782814    0.808578  0.00311687
        1952    0.784123    0.808565   0.0031153
        1953    0.785423    0.808553  0.00311372
        1954    0.786711    0.808542  0.00311215
        1955    0.787984    0.808532  0.00311058
        1956    0.789239    0.808522    0.003109
        1957    0.790475    0.808512  0.00310743
        1958    0.791687    0.808504  0.00310585
        1959    0.792874    0.808496  0.00310428
        1960    0.794034    0.808488   0.0031027
        1961    0.795164    0.808482  0.00310113
        1962    0.796263    0.808475  0.00309955
        1963     0.79733     0.80847  0.00309798
        1964    0.798361    0.808465   0.0030964
        1965    0.799355     0.80846  0.00309483
        1966    0.800311    0.808456  0.00309326
        1967    0.801225    0.808452  0.00309169
        1968    0.802099    0.808449  0.00309012
        1969    0.802929    0.808446  0.00308855
        1970    0.803716    0.808444  0.00308699
        1971    0.804458    0.808442  0.00308542
        1972    0.805154     0.80844  0.00308386
        1973    0.805804    0.808439  0.00308229
        1974    0.806408    0.808438  0.00308073
        1975    0.806965    0.808437  0.00307917
        1976    0.807476    0.808436  0.00307761
        1977    0.807941    0.808436  0.00307606
        1978    0.808361    0.808436   0.0030745
        1979    0.808736    0.808436  0.00307295
        1980    0.809066    0.808437   0.0030714
        1981    0.809352    0.808437  0.00306985
        1982    0.809596    0.808438   0.0030683
        1983      0.8098    0.808438  0.00306675
        1984    0.809964    0.808439   0.0030652
        1985    0.810091     0.80844  0.00306366
        1986    0.810183    0.808441  0.00306212
        1987    0.810242    0.808442  0.00306058
        1988    0.810269    0.808443  0.00305904
        1989    0.810266    0.808444   0.0030575
        1990    0.810236    0.808445  0.00305596
        1991    0.810182    0.808445  0.00305443
        1992    0.810106    0.808446   0.0030529
        1993    0.810011    0.808447  0.00305136
        1994    0.809899    0.808448  0.00304983
        1995    0.809773    0.808448   0.0030483
        1996    0.809636    0.808449  0.00304678
        1997    0.809491     0.80845  0.00304525
        1998    0.809342     0.80845  0.00304373
        1999    0.809192     0.80845  0.00304221
        2000    0.809044    0.808451  0.00304068
