              20         89.6488          89.927        0.670914
              20          78.245         79.2889        0.779669
              20         68.7915         69.6809        0.957795
              20         59.4904         60.1937        0.831468
              20         46.8992         50.1275         0.93144
              20         40.5553         41.9773         0.56925
              20         35.3829         35.1142         0.52993
              20         30.2353         29.7639        0.463341
              20         26.3934         25.5503        0.415575
              20          23.338          21.167        0.364608
              20         19.6789         18.1651        0.343731
              20         16.5532         15.6965        0.358812
              20         13.8598         13.5361        0.237562
              20         12.4831          11.952        0.223813
              20         10.7748         10.5252         0.17972
              20         8.16162         9.28059        0.181631
              20         7.82838         8.48261        0.133669
              20         6.92535         7.65041        0.108024
              20          6.4957         6.94785        0.119028
              20          5.8401           6.379         0.10074
              20         5.30431         5.85823       0.0798334
              20         4.82507         5.39906       0.0682885
              20         4.48741         4.98625       0.0478369
              20         4.22385         4.63331       0.0397513
              20         3.92652         4.32146       0.0341191
              20         3.65123         4.05814         0.03416
              20          3.4252         3.79143       0.0289073
              20         3.31226         3.56274       0.0272354
              20         3.09467         3.35175       0.0271018
              20         2.90036         3.14401       0.0227308
              20         2.78572         2.97021       0.0213332
              20         2.71251         2.82087       0.0174542
              20          2.5853         2.68575       0.0142564
              20         2.52225         2.54464       0.0135653
              20         2.43716         2.43553        0.016762
              20         2.29099         2.32728       0.0144647
              20         2.21524         2.21415       0.0130588
              20         2.10804         2.11891       0.0130785
              20         2.03779         2.03757       0.0135601
              20         1.93936         1.95546       0.0131119
              20         1.86623         1.87234       0.0130069
              20         1.81153         1.80071       0.0110635
              20         1.75408          1.7354       0.0101965
              20         1.69329         1.67313       0.0103344
              20         1.61409         1.61198      0.00948552
              20         1.56662         1.55747      0.00884923
              20          1.5039         1.50287      0.00816245
              20         1.44853         1.45419      0.00752727
              20          1.3985         1.40676       0.0069945
              20         1.35958         1.36114      0.00604789
