              20       -0.974368       -0.971764     0.000944592
              20       -0.964584       -0.964821      0.00090354
              20       -0.948312       -0.952188     0.000978095
              20         -0.9378       -0.938958      0.00124876
              20       -0.929864       -0.926169     0.000826634
              20       -0.911568       -0.912848      0.00110834
              20       -0.897992       -0.897777     0.000700678
              20       -0.888072       -0.886537     0.000713528
              20       -0.875848       -0.873108     0.000688219
              20       -0.857016       -0.859906     0.000689952
              20        -0.84816       -0.845467     0.000668685
              20        -0.83356       -0.832804     0.000681954
              20        -0.81944       -0.819159     0.000474086
              20       -0.809536       -0.806222     0.000539219
              20       -0.789152       -0.791769     0.000626235
              20       -0.775816       -0.778797     0.000499011
              20       -0.767032       -0.766286     0.000506761
              20       -0.749392        -0.75292     0.000531379
              20       -0.740584       -0.740336     0.000544103
              20       -0.723056       -0.727374     0.000461483
              20         -0.7144       -0.715967      0.00050205
              20       -0.704944        -0.70405     0.000443181
              20       -0.690904        -0.69225     0.000486047
              20        -0.68164       -0.679817     0.000513385
              20       -0.669192       -0.669532     0.000354177
              20          -0.658       -0.659371     0.000391453
              20       -0.648912       -0.648072     0.000301939
              20       -0.636088       -0.637608     0.000415059
              20       -0.626552       -0.627717     0.000448613
              20        -0.61676       -0.617328     0.000409641
              20       -0.610584       -0.607477     0.000618262
              20       -0.597352       -0.598707     0.000416103
              20       -0.587344       -0.588703     0.000400774
              20       -0.581712       -0.580387     0.000565659
              20       -0.569816       -0.571297     0.000381485
              20        -0.56132       -0.562759     0.000418015
              20       -0.550416       -0.554031     0.000341328
              20       -0.543616       -0.546028     0.000458066
              20       -0.539824        -0.53844      0.00042183
              20       -0.528584       -0.530227     0.000437891
              20       -0.518304       -0.522141     0.000435792
              20       -0.511768       -0.515136     0.000474596
              20        -0.50916       -0.508365     0.000424173
              20       -0.500592       -0.501194     0.000490244
              20       -0.496344       -0.494014     0.000455559
              20       -0.485944       -0.487022     0.000335099
              20       -0.483784       -0.481233     0.000367262
              20       -0.472616       -0.474852     0.000381462
              20       -0.470144       -0.468514     0.000275693
              20       -0.462952       -0.461794       0.0003852
