              20        0.245832        0.245741       0.0143879
              20        0.337598        0.346989      0.00763914
              20          0.4383        0.418017       0.0104394
              20        0.456084        0.461382      0.00658485
              20        0.524926        0.500793      0.00625988
              20        0.523779        0.515877      0.00617431
              20         0.53307         0.52767      0.00506518
              20        0.491009        0.515989      0.00593377
              20        0.498463        0.503674      0.00448287
              20        0.476368        0.503604      0.00545916
              20        0.531832        0.494506      0.00465047
              20        0.486921        0.488673      0.00585231
              20        0.479749        0.470431      0.00325125
              20        0.464752        0.468772      0.00264433
              20        0.476114        0.463211      0.00404312
              20        0.470555        0.454905      0.00373737
              20        0.460265        0.441029      0.00260937
              20         0.44582        0.431806      0.00295115
              20        0.415933        0.422815      0.00222806
              20         0.41368        0.415445      0.00234711
              20        0.393424        0.404831      0.00256906
              20         0.39944        0.397574      0.00194553
              20        0.395151        0.385713      0.00148261
              20        0.367486        0.378826      0.00158028
              20        0.374346        0.368702      0.00173022
              20        0.365676        0.362952      0.00155037
              20        0.349604        0.350754      0.00133237
              20        0.336292         0.34209      0.00107852
              20        0.335911        0.332927      0.00116759
              20        0.324126        0.325354      0.00172888
              20        0.310118         0.31581       0.0012676
              20        0.310473        0.310747     0.000885817
              20        0.300909        0.300503       0.0008731
              20        0.290771         0.29495       0.0013196
              20        0.287954        0.287219      0.00116363
              20        0.277415        0.280342     0.000976855
              20        0.271328        0.273335     0.000672717
              20        0.266521        0.264627     0.000884135
              20        0.264975         0.26101      0.00114754
              20        0.257735        0.254839     0.000798376
              20        0.251247         0.24638     0.000923733
              20        0.237191        0.239726     0.000519933
              20        0.232347        0.233908     0.000954768
              20        0.231048        0.228388     0.000807074
              20        0.220578        0.222541     0.000812159
              20        0.222252        0.219293     0.000843771
              20        0.207671        0.211619      0.00087644
              20         0.21089        0.206355     0.000811391
              20         0.20395        0.202082     0.000465197
              20        0.197266        0.197061     0.000876942
