              20         79.1117         76.5061        0.958872
              20         68.6775         68.3472        0.961351
              20         52.9348         56.6046        0.906648
              20         46.1003         46.9162         1.00359
              20          41.804         38.9696        0.679538
              20           30.95         32.4655        0.789424
              20         25.2028          25.841        0.356839
              20         24.3502         22.9871        0.404931
              20         19.7176         19.8018         0.30075
              20         16.3554         17.4794        0.238187
              20         15.0381         14.6226        0.247484
              20         14.7012         13.1588        0.220354
              20         11.2982          11.496        0.169189
              20         10.9475          10.463        0.118203
              20         8.78153         9.27131        0.109858
              20         8.04064         8.40864        0.106037
              20         7.96052         7.54555        0.057104
              20         6.77414         6.80647       0.0707133
              20          6.3799         6.36781       0.0569258
              20         5.84908         5.90399       0.0549149
              20         5.16775         5.43099       0.0444961
              20         5.19839         5.02428       0.0389745
              20         4.75583         4.70549       0.0371658
              20         4.21755         4.37107       0.0452209
              20          3.9623         4.09068       0.0210779
              20         3.98306         3.84321       0.0327048
              20          3.5781         3.62179       0.0311234
              20         3.39984         3.38328       0.0194172
              20         3.22499         3.22507       0.0221759
              20         2.96485         3.03045       0.0228351
              20         2.87091         2.87625        0.015527
              20         2.85023         2.75601       0.0159789
              20         2.60529         2.61634       0.0164604
              20         2.45576         2.49517       0.0171124
              20         2.37482         2.40273       0.0133947
              20         2.29009         2.27292       0.0166801
              20          2.1247         2.16464       0.0120728
              20         1.99427         2.08838       0.0158978
              20         1.97082         1.98682       0.0108593
              20         1.80823         1.91628       0.0147681
              20          1.7684         1.83587      0.00815654
              20          1.7179         1.77075       0.0111056
              20         1.75396         1.72233      0.00995743
              20         1.64843         1.65533      0.00826382
              20         1.57944          1.6063      0.00750794
              20         1.56267         1.53389      0.00722559
              20          1.5308         1.50065      0.00834119
              20         1.44004         1.45332      0.00597771
              20         1.43173         1.40408      0.00768396
              20         1.44194         1.35078      0.00729418
