              20       -0.309332       0.0856712       0.0700144
              20        0.531076       0.0119128       0.0688168
              20        -0.08338       -0.000952       0.0362172
              20        0.000468      -0.0122302       0.0315878
              20        0.071716      -0.0257554        0.023073
              20       -0.111928       -0.004143       0.0164566
              20        -0.13456      -0.0068172       0.0190527
              20       -0.014184       -0.010601       0.0116403
              20       -0.028612        -0.02255       0.0134151
              20       -0.038168      -0.0167332       0.0134338
              20       -0.006608       0.0096632       0.0100314
              20        0.003264       0.0102696      0.00558353
              20        0.065112       0.0027438      0.00792576
              20       -0.007856       0.0061958      0.00544806
              20        0.010688       0.0033422      0.00587106
              20       -0.022352      -0.0044392      0.00510285
              20        0.051052        0.003835      0.00603566
              20        0.013208       0.0045122       0.0054453
              20        -0.00922       -4.02e-05      0.00376991
              20        0.016252       0.0026894      0.00386725
              20        -0.01178       0.0024392      0.00351517
              20        0.002156       0.0014424      0.00219502
              20        0.008144       0.0028934      0.00216701
              20       -0.011328      -0.0010212      0.00331332
              20       -0.023236        0.001867       0.0025155
              20        0.000184       0.0064014      0.00252291
              20       -0.005408      -0.0026312      0.00284201
              20        -0.00344       0.0011932       0.0026568
              20        0.000336       0.0031426      0.00198755
              20       -0.013084         0.00085      0.00226181
              20        0.006804        5.28e-05      0.00162074
              20        -0.00592      -0.0027786      0.00265142
              20        0.003196       0.0005938      0.00232268
              20       -0.012152      -0.0023338      0.00215754
              20        0.003088       0.0013128      0.00169757
              20        0.006596       0.0004306      0.00168981
              20          0.0069      -0.0003598      0.00136146
              20       -0.015544      -0.0017806        0.001447
              20        0.001032       0.0001156      0.00147235
              20        0.003572      -0.0013574      0.00140758
              20       -0.008648       -7.58e-05      0.00162487
              20         0.01204        0.000716      0.00167759
              20       -0.001436        -9.5e-05      0.00161478
              20        0.004168      -0.0016748      0.00109277
              20       -0.003716       0.0032858      0.00166325
              20       -0.000316       0.0018574      0.00130831
              20          -2e-05      -0.0011972       0.0013437
              20        0.006432      -0.0035802      0.00130707
              20       -0.004924       -0.002077      0.00104559
              20       -0.004924      -0.0020946      0.00133158
