              20        0.333792        0.350554       0.0132697
              20        0.396829         0.38569      0.00770164
              20        0.413666        0.397271      0.00397116
              20        0.402184        0.408123      0.00468046
              20        0.396807        0.424051      0.00936314
              20        0.397539        0.426335       0.0058735
              20        0.392612        0.433507      0.00577321
              20        0.406105        0.435256      0.00482761
              20         0.38881        0.438753      0.00466382
              20        0.409601        0.438878      0.00547361
              20        0.432309        0.437362      0.00471018
              20        0.425139        0.441628      0.00421604
              20        0.440672        0.438288      0.00321498
              20        0.449709        0.434407      0.00325378
              20         0.44844        0.429058      0.00409718
              20        0.442103        0.424016      0.00327897
              20         0.42545        0.417748      0.00238604
              20        0.417831        0.413965      0.00196936
              20        0.413635        0.406424      0.00203145
              20        0.406123        0.400267      0.00183473
              20         0.40055        0.393688      0.00160124
              20        0.383861        0.386014      0.00170683
              20        0.374449        0.379695      0.00167564
              20        0.370121        0.371174      0.00167023
              20         0.35931        0.360906      0.00142746
              20        0.353245        0.352801      0.00177005
              20         0.34132        0.343725      0.00172641
              20         0.33571        0.335799      0.00151686
              20        0.329667        0.327177      0.00137614
              20        0.321752        0.319826      0.00136566
              20        0.317445        0.312904      0.00120066
              20        0.305444        0.305445      0.00110944
              20        0.299706        0.299118      0.00109208
              20        0.291585        0.291774     0.000976253
              20         0.28539        0.284568      0.00116278
              20        0.276564        0.277835       0.0011763
              20         0.26966        0.270977      0.00107401
              20        0.262196        0.264678      0.00122586
              20        0.254092        0.258423      0.00119143
              20        0.248875        0.251634      0.00113518
              20        0.245111        0.245187      0.00114261
              20        0.238706        0.238829       0.0011245
              20        0.233936        0.233378      0.00119488
              20        0.229837        0.227566      0.00115027
              20        0.224304        0.222714      0.00103989
              20        0.219128        0.217378        0.001063
              20        0.212633        0.212156      0.00103663
              20        0.206779        0.207213     0.000970179
              20        0.202466        0.202395     0.000916673
              20        0.199558        0.197837     0.000789777
