              20        -0.24308      -0.0271686        0.102237
              20       -0.206516      -0.0206012       0.0536629
              20         0.09428      -0.0022782       0.0522659
              20       -0.417404      -0.0216634       0.0531442
              20       -0.469332       -0.063928       0.0401212
              20          -0.196      -0.0486146       0.0296059
              20        -0.22302      -0.0538934       0.0242592
              20         -0.1684      -0.0279502       0.0184901
              20        0.065472       -0.003567       0.0146543
              20         -0.0228      -0.0109032       0.0149813
              20       -0.032832      -0.0161106       0.0123051
              20        0.012524       -0.001917       0.0123636
              20        0.043096      -0.0005404       0.0108949
              20        0.041412      -0.0005618      0.00950891
              20        0.008312      -0.0004818      0.00774845
              20        0.004116       0.0041472       0.0071276
              20       -0.007712       0.0012388      0.00636261
              20       -0.009572       0.0010992      0.00524726
              20       -0.004624        0.002315      0.00509776
              20        -0.01104      -0.0004268      0.00459017
              20       -0.010792       0.0019552      0.00426339
              20       -0.003864        0.001509      0.00402113
              20       -0.000644       0.0037312      0.00450051
              20        0.002496       0.0063746      0.00403018
              20        0.006972       0.0052616      0.00394444
              20        0.005624       0.0055024      0.00362457
              20        0.001436        0.004948      0.00321248
              20         0.00054       0.0024374      0.00292745
              20        0.004648       0.0022552      0.00276659
              20        0.002752       0.0018904      0.00275599
              20        0.000316       0.0006542      0.00269643
              20       -0.002076       0.0006422      0.00283481
              20        0.003608       0.0015664      0.00270692
              20       -0.001236       0.0012648      0.00262569
              20        0.000272       0.0016606      0.00243217
              20         -0.0013       0.0012466      0.00239025
              20        -0.00068       0.0021022      0.00206974
              20        -5.2e-05       0.0017496      0.00215423
              20        0.000964       0.0015272      0.00227999
              20        0.002828       0.0015968      0.00226553
              20        0.002572        0.001639      0.00218538
              20        0.000544        0.001206      0.00200591
              20        0.003212       0.0016836      0.00205317
              20         0.00492       0.0020056      0.00186688
              20        0.006612        0.001737      0.00179598
              20        0.003328        0.001297      0.00180613
              20        0.004356       0.0012312      0.00190358
              20        0.002464        0.001208      0.00189562
              20        0.003292        0.000795      0.00189653
              20        0.003116       0.0007028      0.00175554
