              20          0.8994        0.883184       0.0168647
              20        0.909736        0.845351       0.0225264
              20          0.8411        0.759459       0.0221816
              20        0.581948        0.681366       0.0181176
              20        0.667764        0.625591         0.01701
              20        0.606324        0.557025       0.0118133
              20        0.460652        0.496594       0.0152406
              20        0.438128        0.409665       0.0113561
              20         0.41638        0.372227         0.01107
              20        0.369376        0.323609       0.0106853
              20        0.294316        0.275772       0.0089665
              20         0.22398        0.253293       0.0073474
              20         0.21792        0.223845      0.00726837
              20         0.20144        0.207375      0.00550116
              20        0.155032        0.181395      0.00595307
              20        0.148056        0.172192      0.00534001
              20         0.15222        0.151023       0.0053857
              20        0.131424        0.140239      0.00418906
              20        0.129664        0.122204      0.00371905
              20        0.116796        0.111718      0.00344866
              20        0.091304         0.10697      0.00427971
              20        0.120604        0.102355      0.00270428
              20        0.087052       0.0913448      0.00294733
              20        0.090208       0.0866866      0.00262833
              20        0.074308       0.0815282      0.00288294
              20        0.074176        0.074197      0.00252787
              20        0.051436       0.0699844      0.00321586
              20        0.064836        0.065949      0.00192486
              20          0.0819       0.0680158       0.0023538
              20         0.07134       0.0630762      0.00213468
              20        0.053252        0.055194      0.00127688
              20        0.053792       0.0522734      0.00194343
              20         0.04954       0.0523172      0.00192833
              20        0.043604       0.0477838      0.00223579
              20        0.052776       0.0484402      0.00151696
              20        0.046272        0.045417      0.00187017
              20          0.0411       0.0391474      0.00188669
              20        0.035788       0.0431218      0.00133078
              20        0.034884       0.0394784      0.00133784
              20         0.03616       0.0401758       0.0012218
              20        0.032436       0.0361994      0.00141125
              20          0.0274       0.0343876      0.00171168
              20        0.043292       0.0335768      0.00149752
              20        0.035232       0.0327508      0.00106416
              20        0.041984       0.0337388      0.00102046
              20        0.029572        0.032778      0.00125326
              20        0.019468       0.0313796       0.0016385
              20         0.03106        0.028795      0.00109521
              20        0.020036       0.0267076      0.00122167
              20         0.02512       0.0277322       0.0011986
