              20         -0.9732       -0.969961      0.00173682
              20       -0.959416       -0.959184      0.00178598
              20       -0.950728       -0.948416      0.00162835
              20       -0.940672       -0.937805      0.00137427
              20       -0.935192       -0.924488       0.0011117
              20        -0.92296       -0.912204      0.00115487
              20        -0.91016       -0.898991      0.00141148
              20       -0.892576       -0.885152      0.00116448
              20       -0.874808       -0.873111     0.000836402
              20       -0.860736       -0.859068     0.000787262
              20       -0.846144        -0.84503     0.000686063
              20       -0.834376       -0.831393     0.000528811
              20       -0.818176       -0.817545     0.000715116
              20       -0.807432       -0.805214     0.000713086
              20       -0.793272       -0.792219     0.000543569
              20       -0.777872       -0.778479     0.000455086
              20       -0.763264       -0.765724     0.000495104
              20       -0.751984       -0.753116     0.000609992
              20       -0.737768        -0.74113     0.000680763
              20        -0.72588       -0.728754     0.000630082
              20       -0.714168       -0.716709     0.000632396
              20        -0.70236       -0.704604      0.00055546
              20       -0.692096       -0.692993     0.000402451
              20       -0.680184       -0.681547     0.000519607
              20       -0.668064       -0.670528     0.000492303
              20       -0.655568       -0.659332     0.000508775
              20         -0.6446       -0.648292     0.000518096
              20       -0.634272       -0.637574     0.000424882
              20       -0.624056       -0.627548     0.000452836
              20        -0.61524       -0.617728     0.000360957
              20       -0.605712       -0.608057     0.000322849
              20       -0.596112       -0.598318     0.000347895
              20        -0.58704       -0.588927     0.000335641
              20       -0.577344       -0.579721     0.000366518
              20       -0.567616       -0.571038     0.000410518
              20       -0.560168       -0.562592     0.000412126
              20       -0.550736       -0.553974     0.000416022
              20        -0.54252       -0.545809     0.000418221
              20       -0.534408       -0.537914     0.000385363
              20         -0.5266       -0.529934     0.000361651
              20       -0.518392       -0.522186     0.000396568
              20       -0.510648       -0.514831     0.000418984
              20       -0.503872       -0.507812     0.000417862
              20       -0.496608       -0.500804      0.00038797
              20       -0.489576       -0.493933     0.000414135
              20       -0.483232       -0.487157     0.000400333
              20        -0.47644       -0.480654     0.000399313
              20        -0.47064       -0.474413     0.000382158
              20       -0.464768       -0.468008     0.000349049
              20       -0.459584       -0.461835     0.000342159
