              20        -1.00299        -1.00286     0.000954294
              20       -0.992533       -0.993552      0.00122343
              20       -0.982282       -0.983443      0.00161668
              20       -0.967946       -0.970238       0.0013967
              20       -0.950047       -0.953846      0.00151983
              20       -0.938408       -0.937057      0.00107881
              20       -0.922254       -0.920732      0.00110704
              20       -0.908966       -0.904968      0.00096764
              20       -0.895544        -0.89002      0.00103829
              20       -0.877611        -0.87318      0.00100645
              20       -0.863529       -0.858214     0.000916706
              20       -0.846487       -0.842883     0.000882963
              20       -0.830866       -0.827608     0.000707298
              20       -0.815976       -0.813445     0.000813394
              20       -0.801529       -0.799503     0.000678468
              20       -0.782534       -0.785248     0.000640013
              20       -0.769232       -0.771602     0.000562096
              20       -0.754899       -0.758674      0.00053622
              20       -0.742745       -0.746019     0.000564093
              20       -0.729667       -0.733162     0.000584398
              20       -0.716213       -0.720627     0.000566268
              20       -0.705859       -0.708046     0.000478919
              20       -0.694947       -0.696188     0.000339298
              20       -0.682714       -0.684649     0.000425229
              20       -0.670778       -0.673411     0.000503184
              20       -0.657556       -0.662044     0.000529448
              20       -0.647163       -0.650837     0.000488606
              20       -0.636621       -0.639868     0.000370246
              20       -0.625951       -0.629578     0.000355398
              20       -0.617263       -0.619444     0.000301547
              20       -0.606261       -0.609432     0.000304065
              20       -0.596764       -0.599888     0.000357332
              20       -0.587721       -0.590286     0.000322451
              20       -0.578016       -0.580996       0.0003164
              20       -0.568967       -0.572266     0.000365015
              20       -0.560746       -0.563642     0.000395879
              20       -0.551923       -0.555086     0.000419089
              20       -0.543441       -0.546787     0.000393161
              20       -0.534987       -0.538911     0.000371724
              20       -0.527526       -0.531093     0.000357468
              20       -0.520153       -0.523407     0.000333541
              20       -0.512198       -0.515786     0.000383265
              20       -0.504555       -0.508777     0.000431443
              20       -0.497982        -0.50174     0.000376928
              20        -0.49128        -0.49493     0.000394196
              20       -0.484733       -0.488206     0.000356207
              20        -0.47858       -0.481442     0.000330996
              20       -0.471275       -0.475096     0.000354025
              20       -0.465736       -0.468786     0.000334845
              20       -0.460008       -0.462709     0.000361867
