              20        0.354528        0.312953       0.0108081
              20        0.343882        0.372894      0.00842752
              20        0.376216         0.39775      0.00571484
              20        0.427262        0.418785      0.00497167
              20        0.393759        0.431623      0.00610595
              20        0.439564        0.434314      0.00669246
              20        0.428416        0.430473      0.00671922
              20        0.455203        0.437519      0.00428615
              20        0.420443        0.430844      0.00405727
              20        0.434111        0.442286      0.00340395
              20        0.432476        0.438647      0.00335247
              20        0.416258        0.435596       0.0029234
              20        0.434057        0.438004      0.00443178
              20        0.458418        0.437969      0.00319217
              20        0.416849        0.434601      0.00225677
              20        0.446044        0.426536      0.00273305
              20        0.432399        0.424724      0.00249912
              20        0.437641        0.420018      0.00227939
              20        0.403214        0.405016      0.00146178
              20        0.409675        0.400774      0.00190515
              20        0.406486        0.392725      0.00168424
              20        0.392701        0.384276      0.00168489
              20         0.36912        0.377949      0.00152417
              20        0.371033        0.371957      0.00172876
              20        0.351978        0.361307      0.00140882
              20        0.360582        0.353424      0.00116599
              20        0.341007        0.344263      0.00138732
              20        0.339957        0.337269       0.0013625
              20        0.321147        0.327819      0.00128715
              20        0.321996        0.320521      0.00110115
              20        0.308117        0.311953     0.000964585
              20        0.299834         0.30431      0.00122313
              20        0.293067        0.297928      0.00125155
              20        0.291552        0.291294       0.0012459
              20        0.277641        0.282403     0.000870634
              20        0.270717        0.277213      0.00141702
              20         0.27737        0.271225      0.00124838
              20        0.267034        0.263507     0.000966354
              20        0.257943        0.256844     0.000600367
              20        0.254044        0.250316     0.000817316
              20        0.237207        0.245057     0.000918937
              20        0.233489        0.237973     0.000966932
              20        0.231804         0.23204     0.000719045
              20        0.227645        0.226238      0.00071643
              20        0.227498        0.221114     0.000998198
              20        0.219362        0.216334     0.000776893
              20         0.21485        0.213109     0.000682485
              20        0.203372        0.205208     0.000709319
              20        0.204483        0.201225     0.000675365
              20        0.194514        0.196435     0.000649749
