              20         87.5995         90.2611        0.821657
              20         83.4967          81.627        0.668797
              20         71.6403         69.9605         0.93062
              20         56.3268         58.8357        0.828313
              20         54.5766          51.347        0.859543
              20         43.3646         42.5082        0.595565
              20         34.9036         36.5331        0.424603
              20          31.483         29.1427        0.337206
              20         27.6007          24.747        0.536472
              20         22.9332          21.428        0.343148
              20         18.2054         17.8432        0.324018
              20         15.3593         15.3319        0.171648
              20         13.2072         13.6267        0.197847
              20         12.8818         11.9418        0.202054
              20         10.2134         10.6674        0.135112
              20          9.8032         9.59422       0.0750711
              20         8.74146         8.54695       0.0918707
              20         7.26942         7.69041       0.0847227
              20         6.80784         7.03273       0.0680379
              20         6.52364          6.4894       0.0770416
              20         5.56826         5.79975       0.0652596
              20         5.19861         5.40778       0.0581448
              20         4.90267         4.92734       0.0325081
              20         4.77436          4.5861       0.0472785
              20         4.39792         4.30121       0.0408869
              20         3.87267         4.03885       0.0286694
              20         3.57754         3.78337       0.0238998
              20         3.59385         3.52808        0.034801
              20          3.3331         3.32749       0.0200679
              20         3.21868         3.17642       0.0229995
              20         2.93521         2.97944       0.0116839
              20         2.83141         2.85432        0.019429
              20          2.6877         2.66271       0.0144636
              20         2.63209         2.56566       0.0181961
              20         2.38477          2.4552       0.0137723
              20         2.28122         2.31074      0.00885014
              20         2.09695         2.20475       0.0127799
              20         2.16436         2.12831       0.0128578
              20         1.92485         2.04336       0.0116279
              20         2.02826         1.97758       0.0123674
              20          1.8404         1.89414       0.0149671
              20          1.8473         1.82173       0.0101574
              20         1.77081         1.75172      0.00971534
              20         1.71892         1.67765       0.0086426
              20         1.67685         1.62605      0.00937209
              20         1.54902           1.566      0.00696235
              20         1.49715         1.51404      0.00592386
              20         1.47386         1.47392      0.00780057
              20         1.39807         1.42905      0.00714023
              20         1.37046         1.37112      0.00788938
