              20         0.92508        0.900314       0.0201201
              20        0.876636        0.853743       0.0158245
              20        0.830476        0.805657       0.0190458
              20        0.599708        0.722461        0.018049
              20        0.583132         0.64858       0.0197616
              20         0.57678         0.55699       0.0149652
              20        0.472316        0.498379       0.0141646
              20        0.412292        0.430089       0.0126522
              20         0.42118        0.362687        0.013047
              20         0.34816        0.312604       0.0114794
              20         0.33726        0.283641       0.0109222
              20        0.293928        0.250396       0.0114682
              20        0.280508        0.225802      0.00947335
              20        0.248416        0.201313      0.00909449
              20        0.222436        0.182875      0.00791362
              20        0.179524        0.168836      0.00672428
              20        0.171216        0.154533       0.0063654
              20        0.140972         0.14073      0.00572825
              20        0.126028        0.129247      0.00541052
              20        0.117744        0.118437      0.00542412
              20        0.105072        0.109999      0.00457151
              20        0.094948       0.0994912      0.00430545
              20        0.098968       0.0964178      0.00404835
              20        0.097312       0.0912548      0.00407662
              20        0.088096       0.0846856       0.0039976
              20        0.079004       0.0813404      0.00377372
              20        0.071344       0.0761882      0.00326693
              20        0.069844       0.0710834      0.00310574
              20        0.065968       0.0670404      0.00298365
              20        0.060328       0.0625002      0.00283774
              20        0.056652       0.0582268       0.0029741
              20        0.054196         0.05518      0.00298933
              20        0.052872        0.053208       0.0028728
              20         0.04878       0.0506352      0.00267076
              20        0.049536       0.0484126      0.00266179
              20        0.044876       0.0464172      0.00237743
              20        0.043328       0.0451976      0.00216645
              20        0.040828       0.0431262      0.00238069
              20        0.043328       0.0417064      0.00241143
              20         0.04108        0.039951       0.0023528
              20        0.041656       0.0388008      0.00227789
              20        0.039492       0.0367932      0.00218333
              20        0.039756       0.0359974      0.00214747
              20          0.0391       0.0350634      0.00200528
              20        0.038392        0.033981      0.00192369
              20        0.040268       0.0328068      0.00191416
              20        0.036592       0.0314862      0.00200053
              20        0.032548       0.0300956      0.00198497
              20         0.03158       0.0290116      0.00192815
              20        0.029976       0.0281304      0.00185272
