              20        -1.00266        -1.00347      0.00106976
              20       -0.999987       -0.996354      0.00105135
              20       -0.986558       -0.982783      0.00150664
              20       -0.961727       -0.967523      0.00144702
              20       -0.961019       -0.954885      0.00153608
              20       -0.940334       -0.938975      0.00104155
              20       -0.919733       -0.923248      0.00099422
              20       -0.906875        -0.90445      0.00074356
              20       -0.896424       -0.889408      0.00104897
              20       -0.876548       -0.874245     0.000933628
              20        -0.85951       -0.857897      0.00100092
              20       -0.840376        -0.84337     0.000814399
              20       -0.828822       -0.828268     0.000694564
              20       -0.812141       -0.813708     0.000869344
              20       -0.799365       -0.799489     0.000463551
              20       -0.786585       -0.785885     0.000639803
              20       -0.773132       -0.771648     0.000573862
              20       -0.760364       -0.758648     0.000540781
              20       -0.747417       -0.745831     0.000486592
              20       -0.734736       -0.732707     0.000545294
              20        -0.71773       -0.719411     0.000558256
              20       -0.709124       -0.707762     0.000412355
              20       -0.692165       -0.694835     0.000515772
              20       -0.685268       -0.683673     0.000397727
              20       -0.671118       -0.673025     0.000532852
              20       -0.658884       -0.661111     0.000475771
              20       -0.646773        -0.65066     0.000435464
              20       -0.639649       -0.639561     0.000385945
              20       -0.626574       -0.628743     0.000336929
              20       -0.617331       -0.618895     0.000412848
              20       -0.610561       -0.609901      0.00038111
              20       -0.598772       -0.599895     0.000417194
              20       -0.591463       -0.590705     0.000394367
              20       -0.580792       -0.581171     0.000358099
              20       -0.569136       -0.572648     0.000455317
              20       -0.562765       -0.563768     0.000405095
              20       -0.550262       -0.555235     0.000507153
              20       -0.550852       -0.547542     0.000412185
              20       -0.534698       -0.539339     0.000486702
              20       -0.531083       -0.531004     0.000357131
              20       -0.522497        -0.52337     0.000370626
              20        -0.51706       -0.516777     0.000315851
              20        -0.50957       -0.508413     0.000352895
              20       -0.502521       -0.501629     0.000392402
              20        -0.49732       -0.495344     0.000456072
              20       -0.487319       -0.488342     0.000296884
              20       -0.477821       -0.481845     0.000451779
              20       -0.475477       -0.475493      0.00035291
              20       -0.470273       -0.469701     0.000337522
              20       -0.464302       -0.463159     0.000485118
