              20         76.2012         79.9765         1.07792
              20         68.5893         68.1197        0.897801
              20         55.4422         55.4567        0.973234
              20          45.362         46.3012        0.683862
              20         31.3395          38.484        0.637277
              20         36.2066         31.6536        0.524557
              20         28.8767           26.38        0.453573
              20         23.4653         22.9761        0.405064
              20         19.6766         19.3482        0.327663
              20         18.0204         17.3684        0.185536
              20         13.8472         15.1034        0.271901
              20         12.0987         13.0253        0.177088
              20         12.0255         11.5036        0.155587
              20         10.7932         10.3543        0.106014
              20         8.92497         9.17213       0.0832375
              20         8.34143         8.39306       0.0680704
              20         8.08917         7.87424       0.0913476
              20         7.11599         7.08494       0.0451537
              20          6.3391         6.48225        0.080349
              20         5.49987         5.78954       0.0564471
              20         5.60633         5.36737        0.049297
              20         4.85472          4.9727       0.0558736
              20         4.59642           4.658       0.0371131
              20         4.59781         4.37054       0.0328594
              20         4.01656         4.07968       0.0269686
              20         4.04708         3.82769       0.0284074
              20         3.67506         3.61489       0.0260911
              20         3.31833         3.37797       0.0249342
              20         3.17113         3.18124       0.0127235
              20         2.96065         3.01809       0.0122562
              20         2.91076         2.87371        0.017709
              20         2.60037         2.75243       0.0205892
              20         2.47516          2.6227       0.0197794
              20         2.51581         2.48189        0.011975
              20         2.25647          2.3583        0.014857
              20         2.22766         2.28623       0.0148939
              20         2.08147         2.16877       0.0121383
              20         2.10346         2.09973       0.0147394
              20         2.02574         2.01496      0.00955954
              20         1.81064         1.92363       0.0129496
              20         1.80448         1.84636      0.00978118
              20         1.87324         1.78877       0.0103199
              20         1.72359         1.71812      0.00536337
              20         1.64525         1.65467      0.00853382
              20         1.58327         1.60745      0.00740871
              20         1.48392         1.55107      0.00665788
              20         1.46276          1.4918       0.0104795
              20         1.50608           1.455      0.00731232
              20         1.41849          1.3986       0.0069395
              20          1.3596          1.3564      0.00933539
