              20        0.289577        0.263627       0.0150354
              20        0.298309        0.322811        0.012059
              20        0.411612        0.414518      0.00997714
              20        0.505366        0.476507      0.00895474
              20        0.488303        0.502315      0.00770165
              20        0.517487        0.519286       0.0056113
              20        0.524616        0.533636      0.00510213
              20        0.569012        0.525097      0.00538855
              20        0.529978        0.511281      0.00688242
              20        0.525745         0.50473      0.00577656
              20        0.523702        0.493145      0.00528266
              20        0.493346         0.48033      0.00363648
              20        0.480417         0.47846      0.00299074
              20        0.516765        0.469631      0.00490842
              20        0.463461         0.46292      0.00258114
              20        0.447756        0.454256      0.00286646
              20        0.451017        0.442645      0.00303684
              20        0.408559        0.431944      0.00240552
              20        0.413966        0.425042      0.00252327
              20        0.410231        0.416757      0.00229827
              20        0.398128        0.406317      0.00189646
              20        0.393185         0.39974      0.00173544
              20        0.389884        0.386418      0.00165418
              20        0.365608         0.37793      0.00202009
              20        0.378028        0.364296      0.00169584
              20        0.364003        0.360764      0.00180207
              20        0.358135        0.350892      0.00150781
              20        0.336331        0.343891      0.00142758
              20        0.328356        0.332958      0.00139199
              20        0.323706         0.32704      0.00144309
              20        0.314099        0.316868      0.00117042
              20        0.303472        0.311038      0.00131653
              20        0.302121        0.302768      0.00120393
              20        0.298366        0.294055      0.00132207
              20         0.28814        0.289204       0.0011974
              20         0.27099        0.276613     0.000841783
              20        0.274493        0.272524     0.000741784
              20        0.267827        0.266493     0.000881076
              20        0.253473        0.259368     0.000984856
              20        0.247315        0.251972     0.000845593
              20        0.245761        0.246306     0.000894696
              20        0.246293        0.240473      0.00101782
              20        0.233079        0.234819     0.000759829
              20        0.231129        0.228596     0.000739609
              20        0.225498         0.22348        0.000755
              20         0.22069        0.218813     0.000806064
              20        0.218766        0.211688     0.000700459
              20        0.208554        0.206937      0.00065294
              20        0.204027        0.202612      0.00067842
              20        0.199068        0.197813     0.000641353
