-6.59395
-6.49537
-6.39229
-6.33035
-6.3027
-6.17707
-6.09389
-6.02989
-6.0186
-5.91133
-5.96457
-6.0126
-5.91653
-5.83218
-5.80705
-5.88283
-5.91336
-5.8947
-5.89629
-5.86265
-5.79229
-5.7576
-5.87675
-5.91919
-5.91122
-5.76631
-5.88147
-5.78893
-5.77418
-5.76834
-5.74588
-5.78997
-5.88316
-5.88204
-5.85702
-5.79518
-5.71194
-5.79297
-5.79052
-5.69992
-5.56466
-5.47938
-5.63329
-5.66604
-5.66826
-5.73359
-5.87109
-5.86259
-5.80492
-5.76846
-5.84797
-5.79847
-5.90323
-5.95992
-5.93489
-5.8698
-5.79996
-5.71727
-5.67967
-5.71877
-5.73745
-5.71168
-5.70683
-5.70206
-5.78894
-5.75135
-5.7652
-5.84406
-5.79439
-5.76254
-5.74897
-5.75355
-5.89346
-5.81464
-5.69655
-5.72866
-5.69206
-5.70707
-5.63911
-5.68553
-5.77483
-5.7919
-5.78095
-5.78888
-5.79061
-5.82966
-5.75106
-5.85719
-5.83808
-5.81856
-5.74454
-5.76539
-5.79683
-5.74983
-5.66906
-5.63895
-5.69668
-5.68366
-5.71956
-5.69602
-5.70728
-5.7127
-5.62993
-5.63958
-5.67212
-5.72784
-5.63473
-5.59491
-5.60703
-5.65134
-5.67143
-5.71458
-5.74639
-5.62511
-5.60957
-5.4817
-5.61911
-5.55031
-5.61125
-5.56104
-5.54234
-5.57661
-5.59128
-5.58053
-5.54002
-5.59766
-5.58717
-5.65027
-5.63876
-5.65867
-5.61686
-5.65391
-5.66191
-5.61726
-5.62714
-5.69778
-5.62689
-5.75705
-5.77473
-5.74258
-5.76616
-5.71323
-5.59938
-5.75877
-5.71791
-5.63106
-5.74103
-5.77888
-5.75612
-5.6893
-5.72302
-5.67352
-5.59207
-5.62827
-5.55399
-5.66709
-5.69134
-5.7617
-5.73308
-5.78425
-5.80502
-5.77959
-5.77496
-5.68478
-5.74551
-5.72118
-5.73177
-5.69114
-5.72556
-5.72638
-5.7202
-5.72582
-5.73492
-5.67131
-5.66217
-5.61514
-5.60052
-5.52238
-5.67658
-5.66976
-5.62833
-5.62928
-5.63477
-5.68448
-5.56891
-5.56759
-5.58435
-5.56531
-5.65768
-5.64058
-5.63417
-5.70803
-5.64053
-5.65856
-5.58097
-5.51315
-5.49132
-5.50862
-5.52453
-5.54023
-5.61963
-5.61082
-5.60922
-5.66135
-5.60918
-5.54198
-5.51776
-5.54773
-5.44075
-5.45092
-5.48995
-5.61366
-5.5612
-5.67679
-5.71177
-5.63347
-5.57275
-5.64809
-5.72132
-5.66675
-5.56235
-5.52044
-5.58024
-5.4881
-5.40511
-5.37054
-5.30744
-5.21554
-5.21102
-5.29057
-5.32329
-5.39379
-5.33087
-5.47468
-5.41818
-5.28443
-5.36386
-5.22998
-5.18209
-5.29528
-5.34038
-5.42199
-5.36997
-5.37605
-5.45734
-5.42952
-5.48004
-5.46149
-5.42427
-5.36389
-5.3372
-5.38706
-5.52071
-5.56621
-5.52396
-5.48382
-5.52109
-5.43913
-5.52299
-5.53294
-5.52279
-5.60005
-5.55984
-5.5646
-5.46669
-5.49342
-5.5515
-5.54245
-5.54912
-5.50339
-5.48892
-5.48362
-5.55131
-5.60628
-5.55411
-5.47579
-5.48199
-5.52863
-5.4601
-5.50474
-5.50225
-5.50444
-5.42296
-5.44485
-5.42683
-5.39161
-5.42765
-5.38003
-5.47771
-5.51097
-5.55969
-5.49251
-5.47525
-5.50779
-5.48625
-5.51458
-5.50894
-5.59698
-5.61756
-5.55178
-5.50648
-5.39943
-5.51109
-5.52066
-5.41434
-5.39053
-5.4152
-5.48506
-5.54927
-5.42378
-5.46776
-5.48571
-5.49286
-5.52373
-5.49201
-5.47617
-5.45824
-5.56487
-5.67353
-5.65382
-5.60709
-5.53883
-5.59302
-5.58243
-5.62317
-5.62213
-5.62412
-5.58031
-5.62814
-5.69019
-5.58696
-5.58745
-5.64509
-5.60876
-5.62482
-5.53742
-5.61931
-5.59471
-5.53207
-5.50851
-5.50497
-5.34124
-5.36895
-5.53209
-5.57068
-5.51544
-5.51362
-5.43232
-5.4239
-5.39618
-5.42428
-5.44233
-5.39105
-5.36659
-5.34547
-5.37507
-5.41541
-5.33016
-5.28525
-5.33097
-5.33789
-5.2602
-5.3426
-5.35169
-5.35
-5.18002
-5.23071
-5.31608
-5.33504
-5.34535
-5.34896
-5.29006
-5.33512
-5.29148
-5.22711
-5.29067
-5.35508
-5.38234
-5.42863
-5.38511
-5.2979
-5.35071
-5.44715
-5.38595
-5.38646
-5.32002
-5.40064
-5.40219
-5.32566
-5.29573
-5.3206
-5.39507
-5.43261
-5.39206
-5.45362
-5.4055
-5.45019
-5.45319
-5.45413
-5.42989
-5.49924
-5.50808
-5.45141
-5.43896
-5.41957
-5.41302
-5.32078
-5.275
-5.36795
-5.38342
-5.36256
-5.51349
-5.52388
-5.51651
-5.44825
-5.42322
-5.39921
-5.41136
-5.42791
-5.42829
-5.39022
-5.38516
-5.38926
-5.43734
-5.41579
-5.5042
-5.4081
-5.47906
-5.47097
-5.51641
-5.54975
-5.39881
-5.43753
-5.35488
-5.37754
-5.40813
-5.42823
-5.54593
-5.5316
-5.53582
-5.46597
-5.4819
-5.54587
-5.63713
-5.69813
-5.62948
-5.60146
-5.50722
-5.56018
-5.44248
-5.45487
-5.52983
-5.53253
-5.57028
-5.59857
-5.53712
-5.58823
-5.51289
-5.50956
-5.53971
-5.5395
-5.44834
-5.41527
-5.44285
-5.51168
-5.4708
-5.4902
-5.55058
-5.53229
-5.46092
-5.42659
-5.36205
-5.2632
-5.44911
-5.52027
-5.44002
-5.44802
-5.42887
-5.33728
-5.36284
-5.28457
-5.28807
-5.33519
-5.30274
-5.3893
-5.46082
-5.4382
-5.50119
-5.50439
-5.49141
-5.47975
-5.53411
-5.49618
-5.44014
-5.46639
-5.46923
-5.47701
-5.39792
-5.47558
-5.47953
-5.45267
-5.48222
-5.45833
-5.49537
-5.40807
-5.48562
-5.43218
-5.47042
-5.34176
-5.34456
-5.5215
-5.44415
-5.46574
-5.58488
-5.55047
-5.56657
-5.58525
-5.50643
-5.54658
-5.49529
-5.41461
-5.45902
-5.34706
-5.33611
-5.36408
-5.30287
-5.27269
-5.20244
-5.2492
-5.32607
-5.31898
-5.41272
-5.38795
-5.40324
-5.51388
-5.31213
-5.33734
-5.43584
-5.33991
-5.28802
-5.32201
-5.34688
-5.29745
-5.2837
-5.27662
-5.42468
-5.46871
-5.48746
-5.43798
-5.39005
-5.3704
-5.4309
-5.26259
-5.32374
-5.40299
-5.48591
-5.43484
-5.42034
-5.3875
-5.39534
-5.32419
-5.32951
-5.34412
-5.37553
-5.3858
-5.32283
-5.33344
-5.35792
-5.35269
-5.4052
-5.40792
-5.34233
-5.39867
-5.37602
-5.34052
-5.26012
-5.31444
-5.28711
-5.33178
-5.33638
-5.39645
-5.46136
-5.46124
-5.48936
-5.46226
-5.48529
-5.52125
-5.54312
-5.53467
-5.42551
-5.37315
-5.36592
-5.34441
-5.37472
-5.30374
-5.34169
-5.34673
-5.41535
-5.5301
-5.58255
-5.51193
-5.42934
-5.45399
-5.50287
-5.41506
-5.43382
-5.35356
-5.33648
-5.35388
-5.41197
-5.46787
-5.48973
-5.52247
-5.42884
-5.52625
-5.45482
-5.47976
-5.42249
-5.33362
-5.3651
-5.40048
-5.3728
-5.44059
-5.42264
-5.41644
-5.3582
-5.40429
-5.42034
-5.45924
-5.46511
-5.34506
-5.31079
-5.29038
-5.28142
-5.32586
-5.23938
-5.28467
-5.3063
-5.35586
-5.32482
-5.27842
-5.29222
-5.35873
-5.26852
-5.22428
-5.34191
-5.49773
-5.54981
-5.50346
-5.3595
-5.29566
-5.27868
-5.26793
-5.29588
-5.17492
-5.25497
-5.31223
-5.2625
-5.27293
-5.33037
-5.31614
-5.46268
-5.34543
-5.4087
-5.3659
-5.35104
-5.22317
-5.13546
-5.16085
-5.2781
-5.31052
-5.38742
-5.36548
-5.45208
-5.45714
-5.48695
-5.43242
-5.46886
-5.48473
-5.49957
-5.53928
-5.3747
-5.47279
-5.503
-5.54002
-5.50908
-5.40747
-5.42057
-5.49927
-5.46896
-5.44063
-5.54214
-5.59292
-5.51299
-5.47088
-5.45753
-5.39296
-5.3447
-5.33351
-5.34767
-5.44423
-5.42648
-5.38543
-5.39311
-5.4159
-5.45106
-5.44669
-5.3815
-5.3983
-5.39691
-5.2339
-5.20541
-5.23384
-5.27769
-5.21034
-5.20976
-5.28595
-5.33822
-5.37102
-5.30351
-5.29265
-5.29255
-5.33336
-5.38633
-5.36764
-5.26858
-5.28829
-5.30325
-5.22741
-5.19494
-5.16625
-5.10664
-5.10002
-5.23191
-5.223
-5.24358
-5.24555
-5.20546
-5.14075
-5.1358
-5.18424
-5.2289
-5.35787
-5.36721
-5.36957
-5.55138
-5.51164
-5.47257
-5.53356
-5.54302
-5.57441
-5.56551
-5.45867
-5.42582
-5.43651
-5.50942
-5.51587
-5.55321
-5.52477
-5.54109
-5.4857
-5.49314
-5.43691
-5.45599
-5.3509
-5.46229
-5.4416
-5.43153
-5.42812
-5.3263
-5.3965
-5.42605
-5.40555
-5.45759
-5.37595
-5.37738
-5.45097
-5.50064
-5.57224
-5.54191
-5.56285
-5.5384
-5.42355
-5.47907
-5.50752
-5.53009
-5.47317
-5.42361
-5.43764
-5.44363
-5.42666
-5.45413
-5.46925
-5.43126
-5.52677
-5.52545
-5.52376
-5.46684
-5.47127
-5.51613
-5.49516
-5.48442
-5.43943
-5.33297
-5.46502
-5.52186
-5.49005
-5.57769
-5.51193
-5.54246
-5.55027
-5.5645
-5.70276
-5.73175
-5.69778
-5.63981
-5.67924
-5.74492
-5.70535
-5.62669
-5.62483
-5.55892
-5.57648
-5.44754
-5.389
-5.47498
-5.48403
-5.50588
-5.46984
-5.50011
-5.52865
-5.55733
-5.52647
-5.57369
-5.49844
-5.5735
-5.52678
-5.46182
-5.48009
-5.53519
-5.57714
-5.54884
-5.53941
-5.50185
-5.48737
-5.53705
-5.5611
-5.56243
-5.5754
-5.58186
-5.48544
-5.42382
-5.40554
-5.45534
-5.4351
-5.35825
-5.36816
-5.35727
-5.41935
-5.41626
-5.45027
-5.43437
-5.41728
-5.43921
-5.44562
-5.36668
-5.4622
-5.52396
-5.52711
-5.61381
-5.59484
-5.51975
-5.50356
-5.54141
-5.51021
-5.48735
-5.42719
-5.31624
-5.40428
-5.4833
-5.55127
-5.50267
-5.43968
-5.41641
-5.35881
-5.31668
-5.35855
-5.45928
-5.40715
-5.34844
-5.44343
-5.3896
-5.18033
-5.34667
-5.27336
-5.35993
-5.37669
-5.36195
-5.41354
-5.47539
-5.4965
-5.499
-5.55407
-5.42392
-5.50072
-5.52245
-5.48227
-5.39991
-5.42627
-5.43845
-5.45732
-5.50083
-5.44872
-5.40805
-5.44758
-5.52663
-5.50382
-5.44296
-5.41197
-5.40607
-5.47702
-5.54378
-5.47394
-5.4992
-5.45211
-5.41869
-5.38338
-5.30129
-5.38146
-5.34863
-5.46365
-5.3744
-5.49392
-5.49814
-5.44529
-5.43382
-5.43407
-5.37239
-5.31906
-5.35369
-5.35712
-5.41853
-5.41064
-5.3687
-5.39767
-5.35433
-5.35576
-5.44072
-5.48855
-5.50869
-5.53136
-5.53605
-5.57625
-5.54676
-5.50623
-5.5174
-5.42043
-5.40847
-5.35164
-5.36078
-5.46086
-5.45159
-5.486
-5.43551
-5.48787
-5.41534
-5.50407
-5.43984
-5.55261
-5.60367
-5.60521
-5.61136
-5.55934
-5.54465
-5.54729
-5.52919
-5.51196
-5.48702
-5.48803
-5.57612
-5.53232
-5.5449
-5.42155
-5.5224
-5.44814
-5.50366
-5.438
-5.38253
-5.37411
-5.38551
-5.34179
-5.42303
-5.29587
-5.20873
-5.36154
-5.31556
-5.35872
-5.4209
-5.42279
-5.36221
