-0.259281
-0.353306
-0.378376
-0.360211
-0.450508
-0.452129
-0.472372
-0.439458
-0.374798
-0.403627
-0.419031
-0.466064
-0.435378
-0.547622
-0.48348
-0.491396
-0.464446
-0.467271
-0.459255
-0.519683
-0.492516
-0.513265
-0.491175
-0.512699
-0.490868
-0.426608
-0.456468
-0.459618
-0.42569
-0.405731
-0.451808
-0.466015
-0.385311
-0.414152
-0.40173
-0.348113
-0.325857
-0.347272
-0.353828
-0.457836
-0.370799
-0.422978
-0.436855
-0.441889
-0.413237
-0.431692
-0.433392
-0.426062
-0.382083
-0.376663
-0.49868
-0.475823
-0.455251
-0.420964
-0.454337
-0.361841
-0.430775
-0.457448
-0.475711
-0.394459
-0.389897
-0.415835
-0.438641
-0.483603
-0.523547
-0.422519
-0.367755
-0.424513
-0.423909
-0.384955
-0.390826
-0.390668
-0.401217
-0.401618
-0.378609
-0.441691
-0.467081
-0.46304
-0.445499
-0.488872
-0.477233
-0.497148
-0.53898
-0.434185
-0.383603
-0.413306
-0.52651
-0.442807
-0.41073
-0.385302
-0.418346
-0.500391
-0.470957
-0.519363
-0.44675
-0.425251
-0.460623
-0.404249
-0.408699
-0.397705
-0.314031
-0.35112
-0.36525
-0.305552
-0.313497
-0.348226
-0.390781
-0.395948
-0.408556
-0.338444
-0.364335
-0.375432
-0.426021
-0.309705
-0.394305
-0.423037
-0.431849
-0.380786
-0.355318
-0.390643
-0.335792
-0.380102
-0.400586
-0.323234
-0.348892
-0.397618
-0.441198
-0.485195
-0.414268
-0.479162
-0.457942
-0.47391
-0.435062
-0.457875
-0.378599
-0.304426
-0.387722
-0.35313
-0.37382
-0.448044
-0.481622
-0.493391
-0.475521
-0.402795
-0.416149
-0.404301
-0.425376
-0.480714
-0.361804
-0.358812
-0.389146
-0.303094
-0.345668
-0.440746
-0.425213
-0.377362
-0.366619
-0.400954
-0.43067
-0.469397
-0.41485
-0.430164
-0.429908
-0.403899
-0.362138
-0.358665
-0.408642
-0.381811
-0.420759
-0.454247
-0.446723
-0.40322
-0.402648
-0.393095
-0.40691
-0.38544
-0.447961
-0.43183
-0.377906
-0.322033
-0.313219
-0.345044
-0.384103
-0.421354
-0.409822
-0.388769
-0.389289
-0.38476
-0.447388
-0.513537
-0.401357
-0.417383
-0.454521
-0.394806
-0.426568
-0.433275
-0.398664
-0.459473
-0.462399
-0.470412
-0.467375
-0.484623
-0.472077
-0.439645
-0.45042
-0.41297
-0.346711
-0.386473
-0.361823
-0.399619
-0.365159
-0.408191
-0.359104
-0.405479
-0.405575
-0.362941
-0.337276
-0.391663
-0.364061
-0.373178
-0.386165
-0.39756
-0.452374
-0.415941
-0.367932
-0.347309
-0.341625
-0.362867
-0.303649
-0.319201
-0.311618
-0.328468
-0.390751
-0.390427
-0.396196
-0.397159
-0.403421
-0.356657
-0.401155
-0.351143
-0.353427
-0.368507
-0.352979
-0.369302
-0.364551
-0.371787
-0.340691
-0.306545
-0.351134
-0.429073
-0.405522
-0.416311
-0.418112
-0.37258
-0.366047
-0.366913
-0.355737
-0.403687
-0.419803
-0.481262
-0.372939
-0.342498
-0.396801
-0.342526
-0.348907
-0.39236
-0.449634
-0.375948
-0.401457
-0.31044
-0.376168
-0.351991
-0.508251
-0.460864
-0.357339
-0.414971
-0.35673
-0.397025
-0.430436
-0.472394
-0.488926
-0.472909
-0.419896
-0.456035
-0.454371
-0.411443
-0.440112
-0.405536
-0.470914
-0.415499
-0.496901
-0.434133
-0.463743
-0.430156
-0.447903
-0.490837
-0.518697
-0.505893
-0.455671
-0.417695
-0.463957
-0.455504
-0.484204
-0.38138
-0.403356
-0.407076
-0.333771
-0.378297
-0.386074
-0.350245
-0.415187
-0.377057
-0.398197
-0.434081
-0.400463
-0.441899
-0.42108
-0.469257
-0.458678
-0.441891
-0.404137
-0.391975
-0.41145
-0.403995
-0.456705
-0.384227
-0.320651
-0.356296
-0.378407
-0.422532
-0.422643
-0.412812
-0.422485
-0.405877
-0.417036
-0.414309
-0.420548
-0.434618
-0.436543
-0.347988
-0.382541
-0.392935
-0.421842
-0.465109
-0.428074
-0.480359
-0.496823
-0.492357
-0.450437
-0.467365
-0.373318
-0.369748
-0.339866
-0.363049
-0.356456
-0.384429
-0.441483
-0.445475
-0.417664
-0.45567
-0.430733
-0.387846
-0.393273
-0.308629
-0.385598
-0.371442
-0.410066
-0.432148
-0.363508
-0.360053
-0.362465
-0.331421
-0.384484
-0.432169
-0.422668
-0.435973
-0.40013
-0.393588
-0.403818
-0.418917
-0.370357
-0.355647
-0.392811
-0.43223
-0.398822
-0.441419
-0.466509
-0.456299
-0.414808
-0.430362
-0.467348
-0.445186
-0.440556
-0.468019
-0.511523
-0.45638
-0.433371
-0.413659
-0.452678
-0.438507
-0.426579
-0.430609
-0.400061
-0.421989
-0.339122
-0.40221
-0.521003
-0.44177
-0.445937
-0.448896
-0.401025
-0.375138
-0.375343
-0.359513
-0.32431
-0.322815
-0.360095
-0.308455
-0.306329
-0.360933
-0.30827
-0.342047
-0.339888
-0.37678
-0.362171
-0.297651
-0.342979
-0.30577
-0.349312
-0.362707
-0.412097
-0.347268
-0.408315
-0.508075
-0.365855
-0.39144
-0.423206
-0.365439
-0.429663
-0.39617
-0.441718
-0.490746
-0.462874
-0.427644
-0.490782
-0.507921
-0.434995
-0.488842
-0.505162
-0.42148
-0.426826
-0.451525
-0.47906
-0.442196
-0.462111
-0.478466
-0.437952
-0.37234
-0.377403
-0.450075
-0.460793
-0.371925
-0.39932
-0.347653
-0.370219
-0.317075
-0.328158
-0.353094
-0.370061
-0.387618
-0.319144
-0.353142
-0.357162
-0.425295
-0.483498
-0.445966
-0.393285
-0.406213
-0.421686
-0.497744
-0.421203
-0.486636
-0.44224
-0.452554
-0.451089
-0.49128
-0.447946
-0.517959
-0.410634
-0.394061
-0.387882
-0.365809
-0.347388
-0.385841
-0.43068
-0.459675
-0.411726
-0.478844
-0.448468
-0.459573
-0.369522
-0.387454
-0.434609
-0.397462
-0.352766
-0.387716
-0.442245
-0.479136
-0.458804
-0.440839
-0.445712
-0.406629
-0.368614
-0.380818
-0.455065
-0.399061
-0.37148
-0.342547
-0.415766
-0.409928
-0.451413
-0.391514
-0.373047
-0.352497
-0.344016
-0.306336
-0.350604
-0.362354
-0.395551
-0.391633
-0.375941
-0.336264
-0.368428
-0.458531
-0.400099
-0.375932
-0.448433
-0.42861
-0.434604
-0.417184
-0.422035
-0.433783
-0.394055
-0.42377
-0.494786
-0.445863
-0.343932
-0.486395
-0.427351
-0.390764
-0.344941
-0.423248
-0.407883
-0.439518
-0.374144
-0.372375
-0.343842
-0.345239
-0.386837
-0.339906
-0.320949
-0.391297
-0.364865
-0.362874
-0.31995
-0.320835
-0.350229
-0.343676
-0.344039
-0.340451
-0.350937
-0.400426
-0.435451
-0.47301
-0.470373
-0.419261
-0.424205
-0.376948
-0.437717
-0.442986
-0.424777
-0.424615
-0.367082
-0.376323
-0.360838
-0.400233
-0.401373
-0.433377
-0.445848
-0.398218
-0.375962
-0.384113
-0.357872
-0.346051
-0.341019
-0.391729
-0.392616
-0.361953
-0.38355
-0.317726
-0.387127
-0.36408
-0.428331
-0.448631
-0.415959
-0.449772
-0.415296
-0.430354
-0.437778
-0.455686
-0.47127
-0.47172
-0.483562
-0.402646
-0.47296
-0.437963
-0.400251
-0.432962
-0.35503
-0.346043
-0.426357
-0.437341
-0.424568
-0.410199
-0.421739
-0.388357
-0.471473
-0.398388
-0.444086
-0.401952
-0.404538
-0.437682
-0.423601
-0.459131
-0.445928
-0.461409
-0.399231
-0.427594
-0.43794
-0.424662
-0.382498
-0.425612
-0.411818
-0.372627
-0.406043
-0.356396
-0.410561
-0.467283
-0.41528
-0.386933
-0.418454
-0.417606
-0.414419
-0.433178
-0.44298
-0.441269
-0.433365
-0.444177
-0.350974
-0.37017
-0.336415
-0.363996
-0.367928
-0.400704
-0.387311
-0.341484
-0.365201
-0.383607
-0.403312
-0.367379
-0.425699
-0.403598
-0.411229
-0.413434
-0.418954
-0.409655
-0.497828
-0.41106
-0.390575
-0.491464
-0.510583
-0.477454
-0.448937
-0.436649
-0.463779
-0.428616
-0.446547
-0.41423
-0.424498
-0.444824
-0.422363
-0.430383
-0.402885
-0.32455
-0.393821
-0.376478
-0.42702
-0.448873
-0.394497
-0.318161
-0.382782
-0.405868
-0.427118
-0.354697
-0.401752
-0.332979
-0.344626
-0.412799
-0.405227
-0.458004
-0.447505
-0.429354
-0.459946
-0.453501
-0.456628
-0.361222
-0.327041
-0.333488
-0.390599
-0.354995
-0.394353
-0.411784
-0.403074
-0.413583
-0.400069
-0.437665
-0.459809
-0.449706
-0.458825
-0.485422
-0.393585
-0.454991
-0.418827
-0.384549
-0.381812
-0.405096
-0.354028
-0.377364
-0.314417
-0.348344
-0.374911
-0.441502
-0.45198
-0.451542
-0.442662
-0.421967
-0.388872
-0.321278
-0.31449
-0.387645
-0.342611
-0.433796
-0.301079
-0.315858
-0.449985
-0.408065
-0.359671
-0.47065
-0.381798
-0.438651
-0.478018
-0.510548
-0.426735
-0.406368
-0.419558
-0.477414
-0.452264
-0.434108
-0.516883
-0.591795
-0.586912
-0.48831
-0.47783
-0.459712
-0.403359
-0.399126
-0.374
-0.397854
-0.469751
-0.453371
-0.41508
-0.470232
-0.416677
-0.445088
-0.417494
-0.35647
-0.336369
-0.386408
-0.429244
-0.302422
-0.369782
-0.390596
-0.447126
-0.510222
-0.520107
-0.460534
-0.432916
-0.397464
-0.401263
-0.363758
-0.336225
-0.400939
-0.426362
-0.388375
-0.414761
-0.426004
-0.461003
-0.393363
-0.386511
-0.464278
-0.382412
-0.405401
-0.394153
-0.381902
-0.396545
-0.416148
-0.41131
-0.462014
-0.497452
-0.489259
-0.425465
-0.341897
-0.341268
-0.34755
-0.337542
-0.358852
-0.371817
-0.429856
-0.474329
-0.476512
-0.482623
-0.459004
-0.499907
-0.499012
-0.529915
-0.625683
-0.524408
-0.439517
-0.473216
-0.500853
-0.534071
-0.440146
-0.473593
-0.431928
-0.453777
-0.388566
-0.38723
-0.386796
-0.365021
-0.359199
-0.392092
-0.411461
-0.451202
-0.471993
-0.460789
-0.429651
-0.466951
-0.435034
-0.397616
-0.409128
-0.408243
-0.465364
-0.489787
-0.43845
-0.441134
-0.444434
-0.508708
-0.461881
-0.393953
-0.418943
-0.396116
-0.421806
-0.476716
-0.549013
-0.538092
-0.471631
-0.396446
-0.404002
-0.415493
-0.422799
-0.419435
-0.395162
-0.389876
-0.412963
-0.36512
-0.357594
-0.427747
-0.394437
-0.373014
-0.393444
-0.40736
-0.403296
-0.390007
-0.46475
-0.398104
-0.347539
-0.357633
-0.402774
-0.362842
-0.363263
-0.364796
-0.40892
-0.434607
-0.393817
-0.414318
-0.410398
-0.432548
-0.432232
-0.420628
-0.417727
-0.422037
-0.418369
-0.481134
-0.443449
-0.433716
-0.444713
-0.443353
-0.48103
-0.381858
-0.384636
-0.378541
-0.381332
-0.401056
-0.412405
-0.475848
-0.451339
-0.443985
-0.446976
-0.404668
-0.400663
-0.380497
-0.357746
-0.384076
-0.366774
-0.437844
-0.470479
-0.353342
-0.404473
-0.423737
-0.407046
-0.510685
-0.364086
-0.371032
-0.367801
-0.437347
-0.397096
-0.353163
-0.431883
-0.403155
-0.42508
-0.456525
-0.449727
-0.449092
-0.398732
-0.44612
-0.429552
-0.431909
-0.46519
-0.393309
-0.407205
-0.460413
-0.430041
-0.459024
-0.457122
-0.387139
-0.337759
-0.367076
-0.397923
-0.364745
-0.356778
-0.406124
-0.417373
-0.437332
-0.366356
-0.369347
-0.380513
-0.450048
-0.449042
-0.449971
-0.444542
-0.465267
-0.37028
-0.405841
-0.445367
-0.401578
-0.368427
-0.34939
-0.376915
-0.421487
-0.434646
-0.367543
-0.378548
-0.383664
-0.35409
-0.359116
-0.489942
-0.497221
-0.386244
-0.488384
-0.424905
